version: 1
creator: callgrind-3.6.1
pid: 6395
cmd:  ./toki1a1
part: 1


desc: I1 cache: 
desc: D1 cache: 
desc: LL cache: 

desc: Timerange: Basic block 0 - 277050
desc: Trigger: Program termination

positions: line
events: Ir
summary: 1583737


ob=(4) /lib/i386-linux-gnu/libc-2.13.so
fl=(81) /build/buildd/eglibc-2.13/misc/../sysdeps/unix/sysv/linux/i386/mmap.S
fn=(974) mmap
35 2
+2 2
+2 2
+2 2
+3 2
+2 2
+1 2
+1 2
+2 2
+2 2
+2 2
+1 2
+1 2
+1 2
+2 2
+3 2
cob=(1) /lib/i386-linux-gnu/ld-2.13.so
cfi=(1) ???
cfn=(972) _dl_sysinfo_int80
calls=2 -62 
* 4
+3 2
+3 2
+3 2
+3 2
+24 2
+1 2
+4 2

fl=(64) /build/buildd/eglibc-2.13/wcsmbs/btowc.c
fn=(662) btowc
35 1792
cfi=(43) /build/buildd/eglibc-2.13/string/../sysdeps/i386/i686/multiarch/strcmp.S
cfn=(226) 0x47e28c6f
calls=256 +14 
* 512
* 512
+5 1536
+5 512
+4 512
fi=(65) /build/buildd/eglibc-2.13/wcsmbs/./wcsmbsload.h
+23 384
fe=(64)
-22 128
+2 128
-2 128
+2 128
+1 256
+4 384
+3 512
cfi=(66) /build/buildd/eglibc-2.13/elf/dl-profstub.c
cfn=(666) _dl_mcount_wrapper_check
calls=128 -22 
* 2048
* 640
cfi=(67) /build/buildd/eglibc-2.13/iconv/gconv_simple.c
cfn=(668) __gconv_btwoc_ascii
calls=128 -9 
* 1152
+42 1536
fi=(65)
-28 256
+1 128
-1 128
fe=(64)

fl=(82) /build/buildd/eglibc-2.13/io/../sysdeps/unix/syscall-template.S
fn=(1144) __write_nocancel
82 6
cob=(1)
cfi=(1)
cfn=(972)
calls=1 -82 
* 2
* 4

fn=(986) __read_nocancel
82 6
cob=(1)
cfi=(1)
cfn=(972)
calls=1 -82 
* 2
* 4

fn=(1142) write
82 2
cfn=(1144)
calls=1 * 
* 12

fn=(984) read
82 2
cfn=(986)
calls=1 * 
* 12

fl=(94) /build/buildd/eglibc-2.13/libio/iofwrite.c
fn=(1098) fwrite
37 4
+1 2
-1 2
cfi=(43)
cfn=(226)
calls=1 +12 
* 2
* 3
+4 2
+2 18
+1 10
+1 7
cfi=(75) /build/buildd/eglibc-2.13/libio/fileops.c
cfn=(1100) _IO_file_xsputn@@GLIBC_2.1
calls=1 1296 
* 659
* 3
fi=(76) /build/buildd/eglibc-2.13/libio/libioP.h
984 3
+1 6
fe=(94)
51 2
+4 7
fi=(76)
985 6
fe=(94)

fl=(80) /build/buildd/eglibc-2.13/io/../sysdeps/unix/sysv/linux/fxstat64.c
fn=(970) __fxstat64@@GLIBC_2.2
46 4
+3 2
-3 2
+3 2
-3 2
cfi=(43)
cfn=(226)
calls=2 +3 
* 4
* 2
+3 6
cob=(1)
cfi=(1)
cfn=(972)
calls=2 -49 
* 4
* 6
+33 6

fl=(84) /build/buildd/eglibc-2.13/malloc/malloc.c
fn=(1070) free
3692 24
cfi=(43)
cfn=(226)
calls=4 49 
* 8
* 8
+5 8
+1 8
+5 8
+3 4
+3 12
+15 12
+12 24
+2 8
cfn=(1072) _int_free
calls=4 4765 
* 205
+1 16
+2 20

fn=(1072)
4765 32
+15 4
-15 4
cfi=(43)
cfn=(226)
calls=4 49 
* 8
* 4
+15 8
+6 16
+1 8
+12 8
+13 8
+11 12
+1 12
+28 12
+4 8
+30 4
-31 4
+31 8
+5 8
+1 5
+6 4
+1 4
5072 24

fn=(1028) malloc
3615 20
cfi=(43)
cfn=(226)
calls=4 49 
* 8
* 12
+5 8
+1 8
+3 9
+33 24
+3 9
cfn=(1042) _int_malloc
calls=3 4249 
* 324
+1 3
-1 3
+1 3
+20 12
+1 27
+3 28
-63 5
cfi=(85) /build/buildd/eglibc-2.13/malloc/hooks.c
cfn=(1030) malloc_hook_ini
calls=1 35 
* 65667
* 2

fn=(1029) malloc'2
3615 5
cfi=(43)
cfn=(226)
calls=1 49 
* 2
* 3
+5 2
+1 2
+3 3
+33 8
+3 3
cfn=(1042)
calls=1 4249 
* 1199
+1 1
-1 1
+1 1
+20 4
+1 9
+3 7

fn=(1044) malloc_consolidate
5093 1
+22 1
-22 5
cfi=(43)
cfn=(226)
calls=1 49 
* 2
* 4
+22 3
2479 127
+1 127
-2 127
+2 254
-2 127
+6 3
+5 2
+2 1
-2 1
+2 1
5203 6
2488 3

fn=(1042)
4249 28
cfi=(43)
cfn=(226)
calls=4 49 
* 8
* 4
+30 4
-30 8
+30 32
+8 4
-8 4
+8 4
+1 3
+13 3
-13 6
+13 3
+2 6
+1 5
+8 1
+3 1
-3 2
+4 3
4753 28
4330 6
+1 3
+1 3
-1 3
+1 6
-1 3
+3 3
-2 3
+2 6
+1 2
4739 3
4485 9
4739 12
4391 3
+1 15
4520 6
+72 6
-1 3
+1 3
+2 3
-3 3
+2 3
+2 3
-2 3
+2 3
-2 3
+1 3
+1 12
+5 18
+2 36
+2 27
+96 3
+3 3
-3 3
+3 3
-2 6
+2 6
+33 3
4336 2
cfn=(1044)
calls=1 5093 
* 795
* 1
4705 2
-1 2
+3 2
-3 2
+3 4
-2 2
+2 2
-1 2
+1 4
+2 2
-2 4
+6 2
-6 2
+2 2
+6 2
-2 4
2990 2
+1 1
-1 2
+13 3
+80 4
+1 1
+9 1
-9 1
+9 5
+10 3
+4 4
3418 4
+1 1
+4 2
+1 2
+3 2
+2 1
+2 1
-3 1
+1 1
+2 1
-1 1
+1 3
+1 1
-1 4
+3 1
-2 1
4748 7
3169 3
+8 1
-8 4
+19 6
+8 1
-8 1
+8 1
+1 5
cfi=(91) /build/buildd/eglibc-2.13/malloc/morecore.c
cfn=(1046) __default_morecore
calls=1 48 
* 101
+2 3
-2 1
+2 1
+2 2
+1 2
+19 1
+26 2
+1 1
+1 2
+6 1
-6 1
+6 4
+3 4
+40 3
+19 1
+3 2
+1 5
+2 3
+1 4
cfi=(91)
cfn=(1046)
calls=1 48 
* 38
+12 1
-12 1
+12 1
+5 2
+1 2
+17 1
+2 1
+1 1
-2 1
+1 4
+1 1
+11 2
-75 1
-13 2

fl=(98) /build/buildd/eglibc-2.13/stdlib/cxa_finalize.c
fn=(1202) __cxa_finalize
31 24
cfi=(43)
cfn=(226)
calls=4 +18 
* 8
* 12
+4 16
+4 28
+5 24
-5 27
+5 24
+2 6
+1 3
+2 3
-2 3
+2 12
-3 6
+5 6
+5 6
-5 3
+5 3
-5 3
+3 9
+2 6
cob=(7) /usr/lib/i386-linux-gnu/libstdc++.so.6.0.14
cfi=(55) ???
cfn=(1234) 0x48bc9e40
calls=1 -56 
* 12
cob=(7)
cfi=(55)
cfn=(1230) 0x48b7f410
calls=1 -56 
* 12
cob=(7)
cfi=(55)
cfn=(1226) 0x48b7f3f0
calls=1 -56 
* 12
+4 21
-21 9
-4 20
+32 16
+4 28
-4 12
+12 8
+1 4
+2 20
-2 4
cfi=(99) /build/buildd/eglibc-2.13/nptl/../nptl/sysdeps/unix/sysv/linux/unregister-atfork.c
cfn=(1204) __unregister_atfork
calls=4 -51 
* 100

fl=(78) /build/buildd/eglibc-2.13/libio/genops.c
fn=(1106) _IO_default_xsputn
452 1
+4 1
-4 5
+3 1
-3 1
cfi=(43)
cfn=(226)
calls=1 49 
* 2
* 2
+3 2
-2 3
+7 24
+25 47
cfi=(75)
cfn=(1102) _IO_file_overflow@@GLIBC_2.1
calls=5 837 
* 200
* 20
+2 5
+1 5
+1 2
+1 6

fn=(976) _IO_setb
404 21
cfi=(43)
cfn=(226)
calls=3 49 
* 6
* 3
+1 11
+2 6
+1 6
+1 9
+3 1
+1 5
-3 2
+3 10

fn=(960) _IO_default_uflow
439 5
+1 4
cfi=(75)
cfn=(962) _IO_file_underflow@@GLIBC_2.1
calls=1 545 
* 340
* 1
+2 1
-1 2
+2 4
+1 4

fn=(964) _IO_doallocbuf
419 14
cfi=(43)
cfn=(226)
calls=2 49 
* 4
* 2
+1 6
+6 10
-4 4
+1 8
cfi=(79) /build/buildd/eglibc-2.13/libio/filedoalloc.c
cfn=(966) _IO_file_doallocate
calls=2 88 
* 314
* 4

fn=(958) __uflow
368 7
cfi=(43)
cfn=(226)
calls=1 49 
* 2
* 1
+2 2
+4 3
+2 3
+3 3
+2 3
+6 3
+5 3
+2 4
cfn=(960)
calls=1 +45 
* 361
+1 5
-25 8

fn=(1136) __overflow
244 7
cfi=(43)
cfn=(226)
calls=1 49 
* 2
* 1
+2 3
+2 6
cfi=(75)
cfn=(1102)
calls=1 837 
* 186
+1 5

fn=(1292) _IO_flush_all_lockp
823 6
cfi=(43)
cfn=(226)
calls=1 49 
* 2
* 3
+6 7
+1 2
+5 1
-1 1
-10 1
+12 1
-2 1
+2 1
+4 3
-1 3
-1 3
+1 3
+3 9
+2 6
+1 6
+7 6
+4 6
-2 3
+2 3
+7 3
-27 6
+31 2
+2 3
+4 7
-31 9

fn=(996) _IO_sputbackc
727 36
+3 18
+1 24
+9 6
+3 24
-10 6
+1 12

fn=(1290) _IO_cleanup
1007 6
cfi=(43)
cfn=(226)
calls=1 49 
* 2
* 2
+3 2
cfn=(1292)
calls=1 823 
* 107
-59 2
+59 1
-59 1
+11 1
-9 12
+2 2
-1 4
+3 3
+5 13
+7 5
+2 1
+4 1
-4 1
+2 1
+1 1
+1 1
-2 1
+3 3
+3 6
cfi=(75)
cfn=(1294) _IO_file_setbuf@@GLIBC_2.1
calls=1 453 
* 126
+2 2
+6 2
-36 6
+71 7
-40 11
+5 1
-36 3

fn=(980) _IO_switch_to_get_mode
187 5
+1 3
+3 3
+4 1
+1 1
-1 1
+1 1
+7 1
-4 1
+2 2
+3 1
-1 1
+2 4

fn=(1296) _IO_default_setbuf
562 9
cfi=(43)
cfn=(226)
calls=1 49 
* 2
* 1
+1 4
cfi=(75)
cfn=(940) _IO_file_sync@@GLIBC_2.1
calls=1 899 
* 25
* 2
+2 3
+2 1
+1 7
cfn=(976)
calls=1 404 
* 28
+7 1
+3 1
-3 2
+1 3
+2 6

fl=(83) /build/buildd/eglibc-2.13/libio/ioungetc.c
fn=(994) ungetc
34 6
+4 6
-4 36
cfi=(43)
cfn=(226)
calls=6 +15 
* 12
* 18
+3 12
+2 108
+1 24
cfi=(78)
cfn=(996)
calls=6 727 
* 126
* 6
fi=(76)
984 18
+1 66
fe=(83)
43 42

fl=(95) /build/buildd/eglibc-2.13/libio/putc.c
fn=(1134) putc
29 9
cfi=(43)
cfn=(226)
calls=1 +20 
* 2
* 1
+3 18
+1 3
fi=(76)
984 3
+1 11
fe=(95)
36 7
-3 4
cfi=(78)
cfn=(1136)
calls=1 244 
* 210
* 2

fl=(47) /build/buildd/eglibc-2.13/libio/oldstdfiles.c
fn=(234) _IO_check_libio
78 5
cfi=(43)
cfn=(226)
calls=1 -29 
* 2
* 2
+1 3
+13 5

fl=(51) /build/buildd/eglibc-2.13/elf/dl-altinit.c
fn=(248) dlinit_alt
41 4
cfi=(43)
cfn=(226)
calls=1 +8 
* 2
* 1
-8 4
+10 3

fl=(70) /build/buildd/eglibc-2.13/string/../sysdeps/i386/i686/multiarch/strcmp-ssse3.S
fn=(788) __strcmp_ssse3
67 8
+1 8
+6 8
+1 8
+1 8
2031 8
+1 8
+6 8

fl=(92) /build/buildd/eglibc-2.13/misc/sbrk.c
fn=(1048) sbrk
35 10
cfi=(43)
cfn=(226)
calls=2 +14 
* 4
* 8
+8 11
+4 4
+4 4
+3 2
cfi=(93) /build/buildd/eglibc-2.13/misc/../sysdeps/unix/sysv/linux/i386/brk.c
cfn=(1050) brk
calls=1 -18 
* 24
+1 3
+3 14
-14 1
+1 1
-1 2
cfi=(93)
cfn=(1050)
calls=1 -8 
* 24
* 5

fl=(67)
fn=(668)
51 128
+2 128
-2 256
+5 128
-3 384
+3 128

fl=(93)
fn=(1050)
36 10
cfi=(43)
cfn=(226)
calls=2 +13 
* 4
* 2
+5 8
cob=(1)
cfi=(1)
cfn=(972)
calls=2 -41 
* 4
* 2
+2 4
+8 2
-6 4
+7 8

fl=(63) /build/buildd/eglibc-2.13/wcsmbs/wctob.c
fn=(656) wctob
33 128
+10 128
-10 768
cfi=(43)
cfn=(226)
calls=128 +16 
* 256
* 256
+9 256
+5 128
+1 128
-1 128
+38 768

fl=(46) /build/buildd/eglibc-2.13/elf/soinit.c
fn=(232) __libc_global_ctors
27 5
cfi=(43)
cfn=(226)
calls=1 +22 
* 2
* 1
-7 5
+1 1
cfi=(47)
cfn=(234)
calls=1 +57 
* 17
-1 2
+1 2
cfi=(51)
cfn=(248)
calls=1 +20 
* 14
cfi=(48) /build/buildd/eglibc-2.13/string/../sysdeps/x86_64/cacheinfo.c
cfn=(236) init_cacheinfo
calls=1 552 
* 8106
-1 9
+10 4

fn=(1288) __libc_fini
37 5
cfi=(43)
cfn=(226)
calls=1 +12 
* 2
* 1
-17 3
+20 4

fl=(91)
fn=(1046)
48 6
+1 6
cfi=(92)
cfn=(1048)
calls=2 -14 
* 117
+2 2
+2 2
-2 4
+2 2

fl=(100) /build/buildd/eglibc-2.13/posix/../sysdeps/unix/sysv/linux/i386/_exit.S
fn=(1298) _Exit
25 1
+4 1
+1 1

fl=(77) /build/buildd/eglibc-2.13/libio/getc.c
fn=(956) getc
37 96
cfi=(43)
cfn=(226)
calls=12 +12 
* 24
* 12
+3 180
+1 69
fi=(76)
984 36
+1 132
fe=(77)
44 84
-3 2
cfi=(78)
cfn=(958)
calls=1 368 
* 408
* 2

fl=(50) /build/buildd/eglibc-2.13/stdlib/bsearch.c
fn=(244) bsearch
27 180
+20 30
-13 150
+8 63
-8 378
+2 196
+1 196
-1 392
+1 588
+1 784
cfi=(48)
cfn=(246) intel_02_known_compare
calls=196 145 
* 2730
+1 392
+2 70
+7 42
-1 23
+1 138
-8 252

fl=(43)
fn=(786) strcmp
55 1
+3 1
cfn=(226)
calls=1 -9 
* 2
+1 1
+1 1
+1 1
+2 1
+1 1
+1 1
+1 1
+1 1
+1 1
+2 1
+3 1

fn=(226)
49 656
+1 656

fl=(72) /build/buildd/eglibc-2.13/string/../sysdeps/i386/i686/multiarch/memcpy.S
fn=(908) memcpy
40 1
+3 1
cfi=(43)
cfn=(226)
calls=1 +6 
* 2
+1 1
+1 1
+1 1
+2 1
+1 1
+1 1
+1 1
+1 1
+1 1
+2 1
+3 1

fl=(48)
fn=(242) intel_check_word
163 96
cfi=(43)
cfn=(226)
calls=12 49 
* 24
* 12
+1 12
-1 12
+1 12
+8 12
-2 63
273 9
170 9
273 18
-89 60
+53 66
+21 2
+14 30
+1 270
cfi=(50)
cfn=(244)
calls=30 27 
* 6604
+2 60
+2 28
+14 10
+6 28
172 56
+2 60
+2 60
301 10
+1 72
-44 2
+34 6
-13 4
+2 4
+2 4

fn=(236)
552 5
cfi=(43)
cfn=(226)
calls=1 49 
* 2
* 3
+13 3
+1 1
cfi=(49) /build/buildd/eglibc-2.13/csu/../sysdeps/x86_64/multiarch/init-arch.c
cfn=(238) __init_cpu_features
calls=1 45 
* 62
* 1
+6 2
+2 3
cfn=(240) handle_intel
calls=1 307 
* 2851
+4 1
-4 1
+4 2
cfn=(240)
calls=1 307 
* 2866
-1 1
+3 1
-2 1
+2 1
+11 2
+18 5
+7 10
+6 2
-6 12
+6 4
+3 15
+2 2
+6 7
+11 2
+27 2
+77 3
+2 3
+1 2
+2 1
+1 3
+1 1
+3 2
+2 1
+7 1
-6 1
-1 1
+3 1
-3 1
+4 2
+1 1
+2 1
-3 1
+3 4
-95 5
-88 3
cfn=(240)
calls=1 307 
* 2195
-1 1
+1 2

fn=(240)
307 18
+6 3
-5 6
+13 6
+1 3
+2 3
-5 3
+11 12
+5 3
-5 9
+5 3
+7 18
cfn=(242)
calls=3 163 
* 3207
+1 6
+3 18
cfn=(242)
calls=3 163 
* 2337
+1 6
+3 15
cfn=(242)
calls=3 163 
* 66
+1 6
+3 15
cfn=(242)
calls=3 163 
* 2105
+1 6
-31 3
+35 4
+2 4
+3 15
-27 3
+1 3
-1 6

fn=(246)
145 196
+8 196
-8 392
+7 980
+3 378
+1 588

fl=(44) /build/buildd/eglibc-2.13/misc/init-misc.c
fn=(228) __init_misc
31 7
cfi=(43)
cfn=(226)
calls=1 +18 
* 2
* 2
+1 5
+2 3
cfi=(45) /build/buildd/eglibc-2.13/string/../sysdeps/i386/strrchr.S
cfn=(230) rindex
calls=1 +3 
* 76
+1 2
+3 3
+1 3
+2 6

fl=(69) /build/buildd/eglibc-2.13/string/../sysdeps/i386/i686/multiarch/../../i586/strlen.S
fn=(682) __GI_strlen
47 58
+2 58
+2 58
+2 58
+1 33
+2 24
+1 24
+2 24
+1 24
+2 24
+2 24
+1 24
+2 24
+2 15
+1 15
+2 15
+1 15
+26 15
+1 15
+2 15
+1 15
+2 15
+1 15
-7 43
+1 43
+2 43
+1 43
+2 43
+1 43
+2 41
+2 41
+2 41
+3 35
+1 35
+2 35
+1 35
+2 35
+1 35
+2 35
+2 35
+2 35
+35 58
+1 58
+2 58
+1 58
+2 48
+1 48
+2 48
+2 28
+1 28
+2 28
+1 28
+2 17
+3 17
+4 17
-4 41
+4 41

fl=(86) /build/buildd/eglibc-2.13/malloc/arena.c
fn=(1032) ptmalloc_init
467 6
cfi=(43)
cfn=(226)
calls=1 49 
* 2
* 2
+8 3
+1 1
+35 1
410 1
+2 1
+1 1
+1 1
+1 1
cfi=(87) /build/buildd/eglibc-2.13/misc/../sysdeps/unix/sysv/linux/getpagesize.c
cfn=(1034) getpagesize
calls=1 30 
* 13
+95 1
+1 1
-96 1
519 3
+8 2
-2 1
+3 1
-1 1
+1 12
cfi=(90) /build/buildd/eglibc-2.13/nptl/../nptl/sysdeps/unix/sysv/linux/register-atfork.c
cfn=(1040) __linkin_atfork
calls=1 115 
* 20
+11 2
+2 4
+25 1
-25 1
+25 2
382 82
+16 41
-18 126
622 2
+5 2
+1 2
+2 1
+1 6
520 5
cfi=(89) /build/buildd/eglibc-2.13/elf/dl-addr.c
cfn=(1038) _dl_addr
calls=1 127 
* 64034
* 3
+1 4
383 2
+1 2

fl=(73) /build/buildd/eglibc-2.13/string/../sysdeps/i386/i686/multiarch/memcpy-ssse3.S
fn=(910) __memcpy_ssse3
121 3
+1 3
+1 3
+1 3
+17 3
+1 3
+4 2
+1 2
+2 1
+1 1
+1 1
cfi=(43)
cfn=(226)
calls=1 49 
* 2
* 3
+3 1
cfi=(43)
cfn=(226)
calls=1 49 
* 2
* 3
+6 1
+1 1
+1 1
+1 1
+1 1
+2 1
+1 1
+1 1
+1 1
+1 1
+6 1
cfi=(43)
cfn=(226)
calls=1 49 
* 2
+1 1
+1 1
+6 1
+1 1
+1 1
+1 1
+2 1
cfi=(43)
cfn=(226)
calls=1 49 
* 2
* 3
1024 1
+1 1
+1 1
+1 1
+1 1
+1 1
+1 1
+3 1
+1 1
+1 1
+1 1
+1 1
+1 1
+1 1
+1 1
+1 1
+2 1
-10 3
+1 3
+1 3
+1 3
+1 3
+1 3
+1 3
+1 3
+1 3
+2 3
+2 3
+1 3
+1 3
+1 3
+1 3
+1 3
+1 3
+1 3
+1 3
+2 3
+3 1
+1 1
+1 1
+1 1
+1 1
+1 2
+76 1
+1 1
+2 1
+1 1
+2 1
+1 1
+2 1
+1 1
+2 1
+1 1
+2 1
+1 1
+1 1
+1 1
+2 1
+1 1
+5 1
+3 2
+37 1
+1 1
+5 1
+3 2
1363 1
+1 1
+3 1
+6 2

fl=(87)
fn=(1034)
30 1
cfi=(88) /build/buildd/eglibc-2.13/signal/../sysdeps/unix/syscall-template.S
cfn=(1036) 0x47f23ce6
calls=1 +54 
* 2
* 3
+21 1
-16 2
+1 3
+15 1

fl=(66)
fn=(666)
38 512
cfi=(43)
cfn=(226)
calls=128 +11 
* 256
* 256
+1 512
+2 512

fl=(96) /build/buildd/eglibc-2.13/stdlib/exit.c
fn=(1154) exit
99 4
cfi=(43)
cfn=(226)
calls=1 -50 
* 2
* 2
+1 6
cfn=(1156) __run_exit_handlers
calls=1 -63 
* 10556

fn=(1156)
37 6
cfi=(43)
cfn=(226)
calls=1 +12 
* 2
* 5
+50 2
-45 3
+37 1
-44 2
+11 1
-11 1
+11 1
+33 2
-44 4
+11 2
-11 2
+11 2
+4 5
-1 5
-1 5
+2 29
-4 6
+37 2
+1 1
-1 1
+1 1
+6 2
+1 7
cfi=(78)
cfn=(1290)
calls=1 1007 
* 337
* 4
+2 2
cfi=(100)
cfn=(1298)
calls=1 -68 
* 3
-19 6
+4 4
-2 4
cob=(7)
cfi=(55)
cfn=(1162) std::ios_base::Init::~Init()
calls=1 -76 
* 1828
cob=(1)
cfi=(56) /build/buildd/eglibc-2.13/elf/../sysdeps/i386/dl-trampoline.S
cfn=(346) _dl_runtime_resolve
calls=1 -47 
* 1210
+2 4
cob=(1)
cfi=(97) /build/buildd/eglibc-2.13/elf/dl-fini.c
cfn=(1172) _dl_fini
calls=1 +42 
* 7052
* 2

fl=(89)
fn=(1038)
127 4
+2 1
-2 2
cfi=(43)
cfn=(226)
calls=1 -78 
* 2
* 5
+5 4
cob=(1)
cfi=(2) /build/buildd/eglibc-2.13/elf/rtld.c
cfn=(48) rtld_lock_default_lock_recursive
calls=1 836 
* 6
+3 7
-10 1
+11 5
+1 24
+1 2
-2 15
+10 4
cob=(1)
cfi=(2)
cfn=(50) rtld_lock_default_unlock_recursive
calls=1 842 
* 6
+3 7
31 3
+1 1
+3 2
+6 1
-1 1
+6 1
-5 1
-1 1
+6 1
-5 1
+2 1
-3 1
+3 2
+3 1
+5 9
+2 3
+1 2
-1 3030
+1 2020
+2 1816
+69 908
-63 908
-6 908
+69 1816
-53 1419
+53 2838
-63 4257
+63 1816
-63 2724
+2 9308
+1 19097
+2 2327
+5 4654
-21 4045
+49 3
+1 2
+1 3
+3 3
+12 1
+24 1
-24 1
+1 2

fl=(62) /build/buildd/eglibc-2.13/locale/uselocale.c
fn=(650) uselocale
31 2
+1 2
-1 10
cfi=(43)
cfn=(226)
calls=2 +18 
* 4
* 6
+3 2
-2 8
+2 2
+3 4
+1 2
+28 6
+1 6
+2 6
+4 4
+1 4
-1 2
+1 8

fl=(42) /build/buildd/eglibc-2.13/csu/../sysdeps/unix/sysv/linux/init-first.c
fn=(224) _init
52 6
cfi=(43)
cfn=(226)
calls=1 -3 
* 2
* 5
+6 3
+17 1
-2 1
+1 1
+1 1
+14 4
cfi=(44)
cfn=(228)
calls=1 -58 
* 109
+8 1
cfi=(46)
cfn=(232)
calls=1 -70 
* 8168
+2 6
-32 2
-9 1
+9 3

fl=(45)
fn=(230)
37 1
+3 1
+3 1
+1 1
+2 1
+7 1
+1 1
+1 1
+1 1
+13 1
+1 1
+1 1
+1 1
+1 1
+2 1
+1 1
+1 1
+2 1
+1 1
+79 1
+1 1
+1 1
+1 1
+1 1
+8 1
+1 1
+1 1
+3 1
+2 1
+1 1
+1 1
+11 1
-13 1
+1 1
+1 1
+11 1
+4 2
+3 2
+1 2
+4 2
+6 2
+2 2
+1 2
+3 2
+1 2
+1 2
+1 2
+2 2
+2 1
+1 1
+1 1
+3 1
+1 1
+1 1
+1 1
+2 1
+65 1
+8 1
+1 1
+2 1
+1 1
+21 1
+3 1
+5 1

fl=(60) /build/buildd/eglibc-2.13/csu/libc-start.c
fn=(490) (below main)
96 6
cfi=(43)
cfn=(226)
calls=1 -47 
* 2
* 4
+10 4
+52 1
-52 1
+52 1
+1 4
cfi=(58) /build/buildd/eglibc-2.13/stdlib/cxa_atexit.c
cfn=(370) __cxa_atexit
calls=1 57 
* 103
+22 4
+3 2
+1 8
cob=(8) /home/rkkautsar/Programming/TOKILearning/1A/toki1a1
cfi=(59) ???
cfn=(492) __libc_csu_init
calls=1 0 
* 103520
+4 4
+15 2
+9 3
cfi=(71) /build/buildd/eglibc-2.13/setjmp/../sysdeps/i386/bsd-_setjmp.S
cfn=(880) _setjmp
calls=1 36 
* 16
+1 2
+5 2
+1 2
+3 2
+3 8
cob=(8)
cfi=(59)
cfn=(882) main
calls=1 0 
* 103347
+32 2
cfi=(96)
cfn=(1154)
calls=1 99 
* 10570
106 2

fl=(79)
fn=(966)
88 14
+15 2
-15 2
cfi=(43)
cfn=(226)
calls=2 -39 
* 4
* 2
+15 2
-1 2
+1 16
cfi=(75)
cfn=(968) _IO_file_stat
calls=2 1233 
* 64
* 4
+2 8
+11 4
-14 2
+14 4
+1 8
+3 14
cfi=(81)
cfn=(974)
calls=2 -85 
* 50
* 6
+1 14
cfi=(78)
cfn=(976)
calls=2 404 
* 52
+1 2
+1 14
-13 4
fi=(101) /build/buildd/eglibc-2.13/libio/../sysdeps/unix/sysv/linux/sys/sysmacros.h
-65 10
fe=(79)
+65 2
-2 4
+5 4

fl=(61) /build/buildd/eglibc-2.13/locale/newlocale.c
fn=(576) newlocale
46 8
cfi=(43)
cfn=(226)
calls=1 +3 
* 2
* 1
+12 2
+8 2
+3 5
+6 2
+1 1
+2 1
-2 5
-17 2
+17 3
281 7

fl=(85)
fn=(1030)
35 5
cfi=(43)
cfn=(226)
calls=1 +14 
* 2
* 3
+1 2
+1 1
cfi=(86)
cfn=(1032)
calls=1 467 
* 64398
+2 1
-1 1
+1 3
-1 1
cfi=(84)
cfn=(1029)
calls=1 3615 
* 1250

fl=(49)
fn=(238)
45 1
+8 1
-8 4
cfi=(43)
cfn=(226)
calls=1 +4 
* 2
* 2
+8 3
+3 1
-11 1
+8 1
+3 3
+70 1
+1 1
+2 1
+1 6
-74 2
+9 1
-33 6
+6 1
+27 2
-27 1
-6 1
+7 1
-1 1
+27 1
+4 1
-30 1
+30 1
-30 1
+30 1
+1 1
-38 1
+38 1
+5 1
-17 1
+17 1
+2 1
+1 3
-20 2

fl=(74) /build/buildd/eglibc-2.13/libio/iofflush.c
fn=(938) fflush
35 56
cfi=(43)
cfn=(226)
calls=8 +14 
* 16
* 16
+1 16
+6 120
+1 32
cfi=(75)
cfn=(940)
calls=8 899 
* 200
* 8
fi=(76)
984 8
fe=(74)
43 16
fi=(76)
984 16
+1 88
fe=(74)
47 56

fl=(58)
fn=(370)
57 20
cfi=(43)
cfn=(226)
calls=5 -8 
* 10
* 10
+1 45
cfn=(372) __internal_atexit
calls=5 -24 
* 412
+1 20

fn=(374) __new_exitfn
73 5
+6 5
-6 5
+6 5
-6 25
cfi=(43)
cfn=(226)
calls=5 -24 
* 10
* 5
+6 20
+2 35
+2 15
+1 24
-3 1
+10 1
-10 2
+13 8
+25 4
+1 4
-1 8
+1 4
+6 4
+1 8
+3 8
-4 1
+1 2
+3 12
+3 35
-35 3
+14 1
+1 1
-1 1
+1 2
-32 1
+13 2

fn=(372)
34 20
cfi=(43)
cfn=(226)
calls=5 +15 
* 10
* 10
+1 15
cfn=(374)
calls=5 +38 
* 267
+3 5
-1 10
+4 15
+2 5
+1 10
+1 10
+3 5
-1 5
+2 25

fl=(88)
fn=(1036)
84 2

fl=(75)
fn=(1104) _IO_do_write@@GLIBC_2.1
501 2
+2 2
-2 8
+2 8
cfn=(1138) new_do_write
calls=1 +10 
* 111
* 4
+1 8

fn=(940)
899 63
cfi=(43)
cfn=(226)
calls=9 49 
* 18
* 9
+5 36
+2 9
+1 18
+17 27
+4 45

fn=(982) _IO_file_read
1208 5
+3 6
+1 1
-1 1
cfi=(82)
cfn=(984)
calls=1 82 
* 14

fn=(1138)
513 7
+2 1
-2 2
cfi=(43)
cfn=(226)
calls=1 49 
* 2
* 1
+2 2
+15 7
cfn=(1140) _IO_file_write@@GLIBC_2.1
calls=1 1269 
* 60
* 1
+1 3
+7 1
-4 1
+4 1
-4 3
+1 2
+3 1
-2 1
+4 7
-18 4
+9 2
+6 2

fn=(962)
545 8
cfi=(43)
cfn=(226)
calls=1 49 
* 2
* 1
+8 3
+6 3
+3 3
+13 2
+10 22
+2 3
fi=(76)
984 4
+1 13
fe=(75)
595 2
cfi=(78)
cfn=(980)
calls=1 187 
* 25
+11 1
-5 1
+5 2
-5 2
+1 1
+4 1
-2 1
-1 2
+3 4
cfn=(982)
calls=1 1208 
* 27
+2 2
+10 2
-3 1
+3 4
+2 2
+1 6
-56 3
+5 2
cfi=(78)
cfn=(964)
calls=1 419 
* 183
* 2

fn=(1294)
453 3
+1 1
-1 2
cfi=(43)
cfn=(226)
calls=1 49 
* 2
* 3
+1 5
cfi=(78)
cfn=(1296)
calls=1 562 
* 95
* 2
+4 2
-1 2
+2 3
+3 6

fn=(1140)
1269 1
+2 1
-2 4
+2 1
-2 2
+2 8
+11 1
-11 2
+5 8
cfi=(82)
cfn=(1142)
calls=1 82 
* 14
* 1
+1 2
+9 6
+3 5
-6 4

fn=(1100)
1296 1
+7 1
-7 7
cfi=(43)
cfn=(226)
calls=1 49 
* 2
* 2
+6 2
+7 1
-12 1
+12 4
+17 6
+32 6
cfn=(1102)
calls=1 837 
* 264
* 2
+7 3
+1 7
+2 3
+11 3
+1 7
cfi=(78)
cfn=(1106)
calls=1 452 
* 327
* 2
+2 2
+1 6

fn=(1102)
837 63
cfi=(43)
cfn=(226)
calls=7 49 
* 14
* 7
+1 21
+7 38
+35 14
+3 12
+3 6
+1 6
-1 12
+1 12
+1 12
+4 6
+1 42
-45 3
+12 2
+9 6
+4 1
+3 1
-5 1
+1 1
+4 1
-3 1
+1 3
+3 5
+1 2
+4 1
-1 1
+1 1
-1 3
cfn=(1104)
calls=1 501 
* 12
* 1
+7 3
+2 1
-1 2
+1 1
-1 3
cfn=(1104)
calls=1 501 
* 131
* 2
+2 1
-2 2
-39 3
cfi=(78)
cfn=(964)
calls=1 419 
* 183
+1 7

fn=(968)
1233 6
+2 14
cfi=(80)
cfn=(970)
calls=2 46 
* 40
+4 4

fl=(68) /build/buildd/eglibc-2.13/wctype/wctype_l.c
fn=(680) wctype_l
28 45
+3 27
cfi=(69)
cfn=(682)
calls=9 +16 
* 293
+4 9
-4 9
+3 45
+8 80
+1 80
-8 40
+2 120
cfi=(69)
cfn=(682)
calls=40 +10 
* 1352
* 27
cfi=(69)
cfn=(682)
calls=9 +10 
* 279
+2 98
-2 49
+2 342
+9 36
+1 45

fl=(99)
fn=(1204)
29 24
cfi=(43)
cfn=(226)
calls=4 +20 
* 8
* 12
+8 4
+3 8
+1 8
+5 4
-6 8
+82 24

fl=(71)
fn=(880)
36 1
+1 1
+4 1
+1 1
+1 1
+1 1
+2 2
+2 1
+1 1
+2 2
+2 1
+2 1
+2 1
+1 1

fl=(90)
fn=(1040)
115 5
cfi=(43)
cfn=(226)
calls=1 -66 
* 2
* 2
+2 2
+2 4
-1 2
+2 3

ob=(1)
fl=(11) /build/buildd/eglibc-2.13/elf/../misc/sbrk.c
fn=(20) sbrk
35 5
cfi=(3) /build/buildd/eglibc-2.13/string/../sysdeps/i386/i686/multiarch/../memcmp.S
cfn=(4) 0x47e094cb
calls=1 +17 
* 2
* 4
+8 6
+4 2
+11 7

fl=(15) /build/buildd/eglibc-2.13/elf/dl-minimal.c
fn=(182) free
121 10
cfi=(3)
cfn=(4)
calls=2 -69 
* 4
* 6
+2 4
+7 10

fn=(76) strsep
320 24
+3 4
-3 4
cfi=(3)
cfn=(4)
calls=4 52 
* 8
* 4
+3 16
+2 8
+1 4
-1 4
+1 4
+4 18
+5 4
-5 171
+5 232
+2 472
+8 59
-15 179
+18 4
+4 28

fn=(38) malloc
95 152
cfi=(3)
cfn=(4)
calls=38 -43 
* 76
* 76
+1 152
cfn=(42) __libc_memalign
calls=38 -43 
* 1508
+1 152

fn=(42)
53 234
cfi=(3)
cfn=(4)
calls=39 -1 
* 78
* 156
+1 155
+11 38
+1 38
-1 38
+3 76
-3 38
+3 38
-3 1
+1 1
-1 1
+3 2
-3 1
+3 141
+4 16
+1 8
+6 28
cfi=(22) /build/buildd/eglibc-2.13/misc/../sysdeps/unix/sysv/linux/i386/mmap.S
cfn=(70) mmap
calls=4 -44 
* 92
* 4
+3 4
-1 8
+3 4
+1 4
-1 4
+1 4
-1 8
+1 4
+3 4
+1 4
+2 24
-3 35
+1 35
+2 210
-31 3
+1 1
-2 3

fn=(34) calloc
104 153
cfi=(3)
cfn=(4)
calls=17 -52 
* 34
* 17
+7 17
-3 17
+3 17
-3 17
+3 34
+4 34
cfn=(38)
calls=17 -20 
* 1002
+1 102

fl=(26) /build/buildd/eglibc-2.13/setjmp/../sysdeps/i386/setjmp.S
fn=(90) __sigsetjmp
34 13
+4 13
+1 13
+1 13
+1 13
+4 13
+1 13
+4 13
+2 13
+4 13
+1 13

fl=(97)
fn=(1172)
120 4
+12 1
-12 2
cfi=(3)
cfn=(4)
calls=1 -68 
* 2
* 3
+19 1
-6 2
-14 2
+23 5
-23 4
229 1
119 2
229 5
-84 4
cfi=(2)
cfn=(48)
calls=1 836 
* 6
+3 2
+3 2
+2 6
+11 3
+2 3
+3 7
+11 7
+2 14
+2 14
+2 7
+1 7
+1 7
+4 7
-12 22
+14 2
+4 2
+2 7
cfn=(1174) _dl_sort_fini
calls=1 35 
* 755
+9 1
-9 1
+9 2
cfi=(2)
cfn=(50)
calls=1 842 
* 6
-29 1
+35 2
+2 3
-2 12
+2 18
+3 14
+3 21
+4 2
+7 12
+4 1
+1 1
-1 1
+1 2
+2 6
+1 1
cob=(4)
cfi=(46)
cfn=(1288)
calls=1 37 
* 15
-1 4
+5 18
+1 15
cob=(2) ???
cfi=(14) ???
cfn=(1266) 0x48b17418
calls=1 0 
* 1542
cob=(2)
cfi=(14)
cfn=(1244) 0x47fbab38
calls=1 0 
* 1542
cob=(2)
cfi=(14)
cfn=(1212) 0x48bdb568
calls=1 0 
* 1668
cob=(2)
cfi=(14)
cfn=(1186) 0x04002548
calls=1 0 
* 1073
cob=(2)
cfi=(14)
cfn=(1176) 0x080489bc
calls=1 0 
* 29
+5 49
+16 7
-55 21
-71 4
273 4
-49 18
+3 10
+52 2
+7 6

fn=(1174)
35 7
cfi=(3)
cfn=(4)
calls=1 +17 
* 2
* 1
+3 1
-3 2
+3 1
+1 2
+2 1
-2 3
+1 7
+1 4
cfi=(29) /build/buildd/eglibc-2.13/string/../sysdeps/i386/i686/multiarch/../memset.S
cfn=(112) memset
calls=1 +11 
* 23
* 1
+15 6
+51 5
+3 40
cfi=(29)
cfn=(112)
calls=5 -58 
* 116
* 15
-65 5
+1 5
-1 5
+1 5
-1 5
+1 10
+4 20
-5 1
+1 1
-1 1
+1 1
-1 1
+1 2
+4 16
+6 6
+1 6
-1 6
+1 6
-24 20
+26 10
+1 10
-1 20
+1 25
+3 75
-1 105
+30 45
+11 30
-46 45
+50 25
+7 6

fl=(13) /build/buildd/eglibc-2.13/elf/dl-object.c
fn=(46) _dl_add_to_namespace_list
33 42
cfi=(3)
cfn=(4)
calls=6 +19 
* 12
* 12
+2 24
cfi=(2)
cfn=(48)
calls=6 836 
* 36
+2 37
+3 75
+2 5
+2 5
+4 5
+1 5
+3 5
-4 5
+1 10
+1 5
-1 5
+1 15
+2 5
cfi=(2)
cfn=(50)
calls=5 842 
* 30
-4 1
+1 1
+3 1
-4 1
+1 2
+1 1
-1 1
+1 3
+2 1
cfi=(2)
cfn=(50)
calls=1 842 
* 6
+1 36
-6 2

fn=(30) _dl_new_object
62 36
cfi=(3)
cfn=(4)
calls=6 -10 
* 12
* 18
+2 6
-2 18
+2 6
cfi=(10) /build/buildd/eglibc-2.13/string/../sysdeps/i386/i686/multiarch/../../i586/strlen.S
cfn=(18) strlen
calls=6 -17 
* 323
+6 6
-6 6
+6 6
-6 6
+6 6
+7 42
cfi=(15)
cfn=(34)
calls=6 +27 
* 511
+3 12
-3 6
+3 6
+4 12
-1 6
+5 6
-1 6
+1 6
+1 48
cfi=(16) /build/buildd/eglibc-2.13/string/../sysdeps/i386/i686/multiarch/../memcpy.S
cfn=(44) memcpy
calls=6 -45 
* 155
* 12
+2 6
+3 6
-3 6
+2 6
+1 6
-1 6
+1 24
+3 18
+6 6
+3 6
-7 6
+4 6
+3 8
+2 1
-2 3
+2 15
-2 45
+12 6
+4 6
-4 6
+6 6
-5 6
+5 18
+2 15
+3 13
+4 15
+4 35
+8 2
+9 1
-3 2
+3 8
-3 10
+3 15
+2 15
cfi=(10)
cfn=(18)
calls=5 47 
* 477
+4 10
-4 5
+4 5
-4 5
+4 10
+68 42
70 60
+28 12
+31 1
+8 4
+27 15
cfi=(15)
cfn=(38)
calls=5 -69 
* 255
* 5
+1 20
+45 30
cfi=(21) /build/buildd/eglibc-2.13/string/../sysdeps/i386/i686/multiarch/../mempcpy.S
cfn=(68) mempcpy
calls=5 44 
* 118
* 5
+5 77
+1 77
-1 77
+1 82
-1 5
+1 5
+4 10
+1 5
+3 10
-77 15

fl=(30) /build/buildd/eglibc-2.13/elf/dl-deps.c
fn=(118) _dl_map_object_deps
149 7
+1 1
-1 1
+23 1
-23 2
cfi=(3)
cfn=(4)
calls=1 -97 
* 2
* 1
+1 2
+15 1
-15 3
+15 1
+1 1
-2 1
+2 1
+6 4
+10 1
-14 1
+14 1
-36 1
+36 1
+1 2
-1 1
-18 1
+2 1
-1 1
+7 1
+10 1
-10 3
+10 5
+4 1
+15 1
+2 1
+1 1
-18 2
+15 1
+3 1
-18 3
338 2
208 1
+5 1
-4 1
-1 1
+5 1
+4 1
-9 1
+9 2
-9 6
+5 6
-4 6
-1 6
+5 6
+4 6
-9 6
+9 12
+5 28
+2 5
+7 5
+1 5
-8 5
+11 5
-5 5
-6 5
+11 5
-4 5
+1 5
-8 5
+5 5
+6 35
+1 252
+6 72
cfi=(23) /build/buildd/eglibc-2.13/string/../sysdeps/i386/strchr.S
cfn=(72) index
calls=12 38 
* 876
* 36
+2 12
+4 24
-1 72
cfi=(25) /build/buildd/eglibc-2.13/elf/dl-error.c
cfn=(86) _dl_catch_error
calls=12 -87 
* 30137
+2 12
-2 12
+2 24
+15 12
+2 24
+19 36
+1 40
-51 630
466 21
+2 25
+3 15
cfi=(15)
cfn=(38)
calls=5 95 
* 255
+1 5
-1 5
+1 5
+3 5
+1 10
-1 5
+1 25
cfi=(16)
cfn=(44)
calls=5 44 
* 143
+1 30
cfi=(16)
cfn=(44)
calls=5 44 
* 143
+3 10
+4 35
+2 7
+1 44
277 5
-6 15
+8 5
-3 5
-2 5
+1 5
+2 5
+4 30
-59 10
-12 4
+8 51
+1 40
-17 1
491 4
+3 2
+5 5
+11 4
cfi=(15)
cfn=(38)
calls=1 95 
* 51
+2 1
-2 1
+2 1
+5 3
+1 2
-1 1
+1 1
-1 1
+1 3
+4 21
+4 28
+4 7
-10 21
+13 3
+51 6
+2 4
209 2
628 1
+1 1
-1 6
+1 4
cfi=(29)
cfn=(112)
calls=1 52 
* 23
+1 3
146 1
630 2
146 3
633 1
+1 1
+5 1
-6 1
+1 1
+6 1
-6 1
-1 1
+1 1
+6 1
-7 5
+1 5
+5 5
-6 5
+1 5
+6 5
-6 5
-1 5
+1 5
+6 5
146 20
642 10
+1 10
-1 20
+1 25
+3 75
-1 105
+21 30
-26 30
+29 24
+3 45
cfi=(29)
cfn=(112)
calls=5 52 
* 116
* 5
-42 10
+48 3
+2 1
+8 1
-8 1
+8 1
+2 6
492 3
288 456
621 10
cfi=(16)
cfn=(44)
calls=1 44 
* 33
+5 2

fn=(120) openaux
62 12
+3 12
-3 60
+7 12
-2 24
-2 132
cfi=(19) /build/buildd/eglibc-2.13/elf/dl-load.c
cfn=(94) _dl_map_object
calls=12 1975 
* 29021
* 24
+5 60

fl=(28) /build/buildd/eglibc-2.13/io/../sysdeps/unix/sysv/linux/fxstat64.c
fn=(110) __fxstat64
46 12
+3 6
-3 6
+3 6
-3 6
cfi=(3)
cfn=(4)
calls=6 +6 
* 12
* 6
+3 36
+33 18

fl=(6) /build/buildd/eglibc-2.13/elf/../elf/dl-sysdep.c
fn=(10) _dl_sysdep_start
89 8
cfi=(3)
cfn=(4)
calls=1 -37 
* 2
* 1
+25 1
-1 1
+1 174
+6 1
-30 1
+27 1
-26 1
+23 1
+3 1
+3 1
-2 1
+2 12
-29 1
+29 7
-29 1
+29 1
-10 1
-19 2
+30 108
+3 3
-4 51
+93 1
-93 14
+93 1
fi=(7) /build/buildd/eglibc-2.13/elf/../sysdeps/unix/sysv/linux/dl-sysdep.c
36 2
cfi=(8) /build/buildd/eglibc-2.13/elf/../sysdeps/unix/sysv/linux/i386/brk.c
cfn=(14) brk
calls=1 * 
* 21
fi=(9) /build/buildd/eglibc-2.13/elf/../sysdeps/i386/dl-machine.h
273 5
fe=(6)
-44 2
cfi=(11)
cfn=(20)
calls=1 35 
* 26
* 3
+12 3
+3 7
cfi=(2)
cfn=(22) dl_main
calls=1 889 
* 1350933
+2 7
-67 1
-59 2
+59 1
-59 2
+34 1
-34 1
+34 1
-34 3
+43 1
-43 2
+43 1
-43 2
+40 1
-40 1
+40 3
-40 3
+37 1
-37 2
+37 1
-37 3
+13 1
-13 2
+13 1
-13 2
+10 1
-10 1
+10 1
-10 3
+7 1
-7 4
227 2
cfi=(10)
cfn=(18)
calls=1 47 
* 29
* 2

fn=(186) _dl_sysdep_start_cleanup
251 2
+1 2

fn=(62) _dl_important_hwcaps
354 6
cfi=(3)
cfn=(4)
calls=1 52 
* 2
* 4
+3 1
-3 1
+2 6
+1 2
+9 1
-9 1
+9 1
-9 1
+9 4
+1 11
-1 1
+1 1
-1 1
+1 1
+1 2
-2 6
+1 286
-1 26
+1 26
-1 26
+1 26
+1 52
-2 345
+10 1
-2 1
+1 1
+1 3
+44 5
cfi=(20) /build/buildd/eglibc-2.13/io/../sysdeps/unix/syscall-template.S
cfn=(64) access
calls=1 82 
* 18
* 3
-2 1
+18 1
-18 1
+17 4
+3 1
-20 1
+20 1
+27 3
352 1
465 1
352 6
465 26
+1 243
+2 6
352 2
468 2
352 2
468 4
+1 6
cfi=(10)
cfn=(18)
calls=2 47 
* 50
+1 2
-1 4
+1 18
+1 2
-1 10
-5 83
+8 3
+2 2
+2 1
-1 1
-1 1
+1 1
+4 3
+1 1
+1 1
+2 2
+3 2
+4 3
+1 2
+18 7
+1 5
cfi=(15)
cfn=(38)
calls=1 95 
* 51
+1 2
-1 2
+1 1
+7 2
+22 3
+3 1
-3 2
+3 1
+7 20
+6 1
-3 1
+3 5
cfi=(21)
cfn=(68)
calls=1 44 
* 16
* 3
-3 3
+3 15
cfi=(21)
cfn=(68)
calls=3 44 
* 48
* 4
+3 4
-3 4
+3 24
+1 32
+1 28
cfi=(21)
cfn=(68)
calls=4 44 
* 60
* 12
-2 8
+5 24
cfi=(21)
cfn=(68)
calls=4 44 
* 60
* 8
+2 8
+5 7
+1 1
-1 3
+1 15
-1 46
+5 2
+3 1
-3 3
+3 5
-3 9
+3 26
+2 192
-2 32
+1 96
-1 28
+1 96
-1 68
+4 8
+3 1
+2 1
-1 1
-1 3
+2 1
-1 1
+1 6
+3 9
+3 3
-6 6
+2 18
+3 6
+1 3
-6 6
352 7
602 2
352 1
602 5
+1 1
+2 2
-3 21
+1 7
+2 14
+3 4
+3 7
494 1
+1 5
+1 2
-1 3
+1 2
-1 3
+2 2
+1 2
+2 2
-1 1
+1 1
-1 2
+5 4

fl=(27) /build/buildd/eglibc-2.13/elf/dl-misc.c
fn=(96) _dl_name_match_p
301 2472
cfi=(3)
cfn=(4)
calls=309 52 
* 618
* 618
+1 1236
cfi=(17) /build/buildd/eglibc-2.13/string/../sysdeps/i386/i686/multiarch/../strcmp.S
cfn=(52) strcmp
calls=309 34 
* 2788
* 309
+1 309
-1 618
+3 309
+8 309
-6 618
+4 306
-4 612
+1 1300
cfi=(17)
cfn=(52)
calls=325 34 
* 7205
* 650
+1 19
+5 404
-1 290
+1 1450

fn=(180) _dl_higher_prime_number
320 12
cfi=(3)
cfn=(4)
calls=2 52 
* 4
* 2
+38 2
-1 4
+7 1
-4 2
+2 32
+1 8
-3 7
+3 7
-3 7
+2 42
+1 12
+1 2
-4 4
+3 2
+16 10

fn=(130) _dl_sysdep_read_whole_file
44 5
cfi=(3)
cfn=(4)
calls=1 +8 
* 2
* 5
+3 3
cfi=(20)
cfn=(104) open
calls=1 +35 
* 10
-2 1
+3 1
-1 1
+1 1
+2 5
cfi=(28)
cfn=(110)
calls=1 -4 
* 18
* 2
+2 1
+3 1
-3 1
+3 1
+13 2
cfi=(20)
cfn=(116) close
calls=1 +14 
* 8
+3 7
-14 8
cfi=(22)
cfn=(70)
calls=1 -22 
* 23
* 2

fl=(29)
fn=(112)
52 19
+1 19
+2 19
+1 19
+5 19
+2 19
+1 19
+2 19
+1 19
+1 8
+1 6
+1 6
+1 6
+1 6
+1 6
+1 6
+1 4
+1 4
+3 15
+1 15
+1 15
+2 15
+2 1330
+2 15
+1 39
+5 19
+3 19
+8 19

fl=(7)
fn=(56) _dl_discover_osversion
67 6
cfi=(3)
cfn=(4)
calls=1 -15 
* 2
* 2
+2 4
+40 3
cfi=(18) /build/buildd/eglibc-2.13/posix/../sysdeps/unix/syscall-template.S
cfn=(58) uname
calls=1 -27 
* 8
* 2
+15 1
+4 1
+1 2
+2 12
+2 3
+2 3
-2 6
+2 9
+2 1
+1 3
-3 4
+7 3
-1 3
+2 3
+2 14
+8 1
+1 7
-4 3

fl=(34) /build/buildd/eglibc-2.13/elf/dl-tls.c
fn=(136) _dl_next_tls_modid
54 10
cfi=(3)
cfn=(4)
calls=2 -2 
* 4
* 6
+3 6
+48 4
+4 12

fn=(156) allocate_dtv
292 5
cfi=(3)
cfn=(4)
calls=1 52 
* 2
* 4
+8 1
-1 2
+1 3
cfi=(15)
cfn=(34)
calls=1 104 
* 77
+1 2
+3 1
+6 2
+6 7

fn=(176) _dl_add_to_slotinfo
820 12
cfi=(3)
cfn=(4)
calls=2 52 
* 4
* 6
+6 2
+3 4
+5 6
+42 2
-1 2
+1 4
+1 12

fn=(152) _dl_determine_tlsoffset
116 6
cfi=(3)
cfn=(4)
calls=1 -64 
* 2
* 2
+6 4
+3 4
+36 3
+2 10
-2 12
+2 3
+3 2
-1 2
+1 2
-1 4
+3 4
-3 2
+5 2
-2 4
+2 4
+12 4
-12 8
+16 8
+2 4
+1 2
-3 4
+2 4
+10 2
-12 4
-25 7
+40 1
+1 1
+51 1
-52 1
+52 1
+1 6

fn=(154) _dl_allocate_tls_storage
332 5
cfi=(3)
cfn=(4)
calls=1 52 
* 2
* 3
+2 1
+11 4
cfi=(15)
cfn=(42)
calls=1 53 
* 35
+1 1
-1 1
+1 1
+7 1
+4 306
+11 2
cfn=(156)
calls=1 -76 
* 106
+1 2
+5 6

fn=(184) _dl_allocate_tls_init
380 7
cfi=(3)
cfn=(4)
calls=1 52 
* 2
* 1
+1 1
-1 1
+1 1
+4 1
+8 2
-5 1
-3 1
+2 2
+11 7
+6 4
+22 4
+1 12
+2 4
+1 6
+8 6
+1 2
-1 2
+2 12
cfi=(21)
cfn=(68)
calls=2 44 
* 30
* 12
cfi=(29)
cfn=(112)
calls=2 52 
* 56
-42 6
+6 8
+3 2
+1 4
+9 2
-3 6
+2 2
-2 2
+2 2
+38 3
+3 7

fl=(22)
fn=(70)
35 17
+2 17
+2 17
+2 17
+3 17
+2 17
+1 17
+1 17
+2 17
+2 17
+2 17
+1 17
+1 17
+1 17
+2 17
+3 17
+3 17
+3 17
+3 17
+3 17
+24 17
+1 17
+4 17

fl=(36) /build/buildd/eglibc-2.13/elf/dl-version.c
fn=(144) _dl_check_all_versions
387 3
+2 1
-2 4
cfi=(3)
cfn=(4)
calls=1 52 
* 2
* 1
+4 1
-4 2
+4 3
+1 21
+1 28
cfn=(146) _dl_check_map_versions
calls=7 180 
* 15311
-2 7
+1 28
-1 14
+5 7

fn=(146)
180 56
+15 14
-15 7
cfi=(3)
cfn=(4)
calls=7 52 
* 14
* 14
+15 14
+4 7
-2 7
+3 7
+2 7
-5 7
+2 7
+1 7
+2 7
+3 15
+4 5
-4 5
+4 30
+17 10
62 10
226 10
62 20
226 12
62 12
226 12
62 46
+1 51
-1 102
+2 186
cfi=(27)
cfn=(96)
calls=62 301 
* 4948
* 124
230 22
+4 33
+5 44
+20 18
-16 519
cfn=(148) match_symbol
calls=5 82 
* 826
* 216
cfn=(148)
calls=24 82 
* 4252
* 29
+8 29
-8 29
+8 29
-8 87
+11 87
+9 44
+5 12
+1 6
-80 2
-8 2
+96 21
+3 20
+3 10
-3 15
+6 25
+4 5
-7 10
+7 10
-4 15
+4 62
-7 124
+7 124
-4 191
+8 21
+87 14
-81 36
cfi=(15)
cfn=(34)
calls=6 104 
* 462
-1 6
+2 6
-1 6
-1 6
+2 6
+11 6
+2 6
-5 6
+3 6
+2 6
-5 6
+3 6
+2 6
+3 30
+4 44
+18 18
-15 18
+2 72
-2 11
+2 44
+2 58
+1 29
-1 29
+1 29
+1 29
-2 29
+3 29
-1 58
+1 87
+3 98
+8 33
+5 6
+1 6
+4 18
+3 30
+20 67
-14 67
-2 67
+2 72
-2 5
+2 5
+4 67
+2 67
-1 268
+1 67
-1 67
+1 67
+1 67
+3 216
+10 35

fn=(148)
82 232
cfi=(3)
cfn=(4)
calls=29 -30 
* 58
* 58
+1 29
+8 29
-8 58
+8 29
+6 87
+15 29
+1 58
+2 29
+5 116
+14 410
+12 528
+4 176
-30 352
+19 203
cfi=(17)
cfn=(52)
calls=29 34 
* 2307
* 58
+3 29
+32 203

fl=(3)
fn=(4)
52 4548
+1 4548

fn=(28) bcmp
58 1
+2 1
+1 1
+1 1
+2 1
+1 1
+18 1
+2 1
+2 1
+2 1
+1 1
+2 1
cfn=(4)
calls=1 -40 
* 2
* 2
+1 1
+1 1
+1 1
273 1
+1 1
+1 1
+1 1
+2 1
+1 1
+1 1
+1 1
+1 1
+1 1
+1 1
+1 1
+1 1
+1 1
+3 1
+1 2

fl=(38) /build/buildd/eglibc-2.13/elf/dl-reloc.c
fn=(162) _dl_relocate_object
158 56
cfi=(3)
cfn=(4)
calls=7 52 
* 14
* 14
+10 14
+4 7
-4 7
+4 7
+1 35
+6 14
+6 21
+4 14
+8 21
-32 7
+77 7
fi=(9)
104 7
fe=(38)
242 14
fi=(9)
104 7
fe=(38)
268 150
156 12
fi=(39) /build/buildd/eglibc-2.13/elf/do-rel.h
-65 30
-26 6
-7 6
-1 6
+1 6
+7 18
fe=(38)
268 3
156 2
fi=(39)
-65 5
-26 1
-7 1
-1 1
+1 1
+7 10
-7 7
-1 7
+1 7
+7 21
+3 14
fi=(9)
390 18
661 6
-1 12
+1 6
+2 12
-2 716
-1 1432
+1 716
+2 1432
+2 2888
+1 32
fi=(39)
68 2184
+59 6
fe=(38)
268 18
fi=(39)
127 1
fe=(38)
268 135
156 7
fi=(9)
610 7
fe=(38)
156 7
268 21
fi=(9)
610 7
fi=(39)
57 7
+19 7
-18 21
+17 7
+1 7
+1 7
-3 14
+3 21
-20 7
+19 7
-18 21
+17 7
+1 7
+1 7
-3 14
+3 39
+2 2
+12 4
-12 12
+12 24
+10 36
+3 8
+7 42
+3 12
+3 12
-3 12
+3 13
+2 3
fi=(9)
496 1
fi=(39)
119 2
+1 2
-1 1
+3 2
fi=(9)
498 1
fi=(39)
120 2
+2 1
-1 1
fi=(9)
496 1
fi=(39)
121 1
fi=(9)
498 1
fi=(39)
119 6180
fi=(9)
496 2060
fi=(39)
119 4120
+1 4120
-1 2060
+3 4120
fi=(9)
498 2060
fi=(39)
120 4120
+2 2060
-1 2060
fi=(9)
496 2060
fi=(39)
121 2060
fi=(9)
498 2060
+2 6183
+5 22903
fi=(39)
120 1
fi=(9)
505 2
fi=(39)
120 1
fi=(9)
505 3
fi=(39)
121 1
fi=(9)
505 1093
fi=(39)
120 1088
fi=(9)
505 2176
fi=(39)
120 1088
fi=(9)
505 3264
fi=(39)
121 1088
fi=(9)
505 27220
cfi=(5) /build/buildd/eglibc-2.13/elf/dl-lookup.c
cfn=(168) _dl_lookup_symbol_x
calls=1089 713 
* 979526
* 5445
+1 10299
+3 4116
+1 8224
+4 6183
fe=(38)
268 42
+3 21
+40 7
+3 21
+17 21
+1 14
cfn=(174) _dl_protect_relro
calls=7 +6 
* 294
* 7
+1 42
fi=(39)
75 28
+1 7
+1 51
+14 5
-12 5
+12 12
-12 2
+12 4
+7 18
+13 28
+3 6
+3 6
-3 6
+3 6
fi=(9)
467 15
fi=(39)
119 15
fi=(9)
317 5
fi=(39)
119 10
+1 5
+2 10
-2 5
fi=(9)
320 5
-3 5
fi=(39)
122 5
-1 5
-1 10
+1 10
fi=(9)
320 5
fi=(39)
119 333
fi=(9)
317 111
fi=(39)
119 222
+1 111
+2 222
-2 111
fi=(9)
320 111
-3 111
fi=(39)
122 111
-1 111
-1 222
+1 222
fi=(9)
320 111
+17 348
+7 1800
fi=(39)
120 6
fi=(9)
344 18
fi=(39)
120 6
fi=(9)
344 18
fi=(39)
121 6
fi=(9)
344 117
fi=(39)
120 93
fi=(9)
344 279
fi=(39)
120 93
fi=(9)
344 279
fi=(39)
121 93
fi=(9)
344 2055
cfi=(5)
cfn=(168)
calls=99 713 
* 83193
* 594
+1 566
+2 232
+1 436
+5 232
104 18
+6 12
+4 18
+5 6
+8 18
+13 18
fe=(38)
+47 42
fi=(9)
344 651
456 6
+4 10
+1 2
+11 14
cfi=(16)
cfn=(44)
calls=2 44 
* 123
fi=(39)
117 13
+10 7
fe=(38)
268 35
156 28
fi=(9)
353 464
478 102
fi=(39)
117 102
fi=(9)
478 102
fi=(39)
117 208
fi=(9)
371 4
+1 2
fi=(39)
117 2
fi=(9)
372 2
fi=(39)
117 2
fi=(9)
372 2
fi=(39)
117 2
fi=(9)
439 30
+2 30
+1 10
fi=(39)
117 10
fi=(9)
442 30
fi=(39)
117 10
fi=(9)
442 10
fi=(39)
117 10
fi=(9)
505 13056
+9 6183
+22 7
fi=(39)
117 2
fi=(9)
536 1
fi=(39)
117 1
fi=(9)
536 4116
fi=(39)
117 4116
fi=(9)
536 2058
fi=(39)
117 2059
-16 32
+3 2
fi=(9)
640 1
fi=(39)
105 1
fi=(9)
640 1
fi=(39)
105 3
-1 1
fi=(9)
641 1
fi=(39)
104 3
fi=(9)
+12 8
+1 12
fe=(38)
268 72
fi=(9)
530 4
+1 2
fi=(39)
117 2
fi=(9)
531 4
fi=(39)
117 4
fe=(38)
268 4
fi=(39)
127 5
fi=(9)
467 2
fi=(39)
127 2
+2 3
-1 2
fi=(9)
317 1
fi=(39)
128 3
fi=(9)
320 1
-3 1
fi=(39)
128 1
fi=(9)
320 1
fi=(39)
129 6
-1 4
fi=(9)
317 2
fi=(39)
128 6
fi=(9)
320 2
-3 2
fi=(39)
128 2
fi=(9)
320 2
+17 9
+7 111
cfi=(5)
cfn=(168)
calls=3 713 
* 2231
* 18
+1 15
+2 6
+1 4
+5 18
-9 21
+36 9
fi=(39)
127 10
fe=(38)
+29 63
268 4
fi=(9)
669 4236
344 140
505 25242
fe=(38)

fn=(174)
338 35
cfi=(3)
cfn=(4)
calls=7 52 
* 14
* 14
+1 7
-1 7
+1 7
+1 14
-1 14
+2 14
+3 14
+1 35
cfi=(35) /build/buildd/eglibc-2.13/misc/../sysdeps/unix/syscall-template.S
cfn=(138) mprotect
calls=7 82 
* 70
* 14
+6 35

fl=(40) /build/buildd/eglibc-2.13/elf/dl-init.c
fn=(198) _dl_init
93 7
cfi=(3)
cfn=(4)
calls=1 -41 
* 2
* 2
+2 1
-2 1
+1 1
-1 1
+5 3
+7 2
+27 1
+1 1
-1 1
+1 3
+1 9
cfn=(200) call_init
calls=1 -98 
* 34
* 54
cfn=(200)
calls=6 -98 
* 12408
-1 14
+7 6
-40 7
cfn=(200)
calls=1 -64 
* 94
+1 3

fn=(200)
36 56
+1 8
-1 8
cfi=(3)
cfn=(4)
calls=8 +16 
* 16
* 8
+1 16
+9 7
-3 21
+3 28
+5 18
+5 10
+8 10
+6 5
-4 10
+4 35
cob=(2)
cfi=(14)
cfn=(294) 0x48b67300
calls=1 -70 
* 3757
cob=(2)
cfi=(14)
cfn=(272) 0x47fa0394
calls=1 -70 
* 45
cob=(2)
cfi=(14)
cfn=(250) 0x48b00c40
calls=1 -70 
* 45
cob=(4)
cfi=(42)
cfn=(224)
calls=1 -18 
* 8314
cob=(2)
cfi=(14)
cfn=(202) 0x040022d8
calls=1 -70 
* 45
* 5
+4 5
+1 10
+12 48
-35 3
-5 3

fl=(35)
fn=(190) munmap
82 8
+1 1

fn=(138)
82 72
+1 8

fl=(10)
fn=(18)
47 25
+2 25
+2 25
+2 25
+1 13
+2 10
+1 10
+2 9
+1 9
+2 9
+2 9
+1 9
+2 9
+2 8
+1 8
+2 8
+1 8
+26 8
+1 8
+2 8
+1 8
+2 8
+1 8
-7 34
+1 34
+2 34
+1 34
+2 34
+1 34
+2 40
+2 40
+2 40
+3 39
+1 39
+2 39
+1 39
+2 39
+1 39
+2 34
+2 34
+2 34
+3 33
+1 33
+2 33
+1 33
+2 33
+1 33
+2 28
+2 28
+2 28
+3 24
+1 24
+2 24
+1 24
+2 24
+1 24
+2 19
+2 19
+2 19
+3 24
+1 24
+2 24
+1 24
+2 20
+1 20
+2 20
+2 13
+1 13
+2 13
+1 13
+2 8
+3 8
+4 8
-4 17
+4 17

fl=(16)
fn=(44)
44 26
+1 26
+1 26
+1 26
+2 26
+1 26
+1 26
+1 26
+1 26
+1 26
+2 17
+1 17
+2 17
+1 17
+11 17
+1 17
+1 17
+1 17
+1 160
+2 17
+1 26
+2 17
+2 17
+1 17
+1 17
+4 17
-6 9
+1 9
+1 9
+4 9
+6 9
+1 9
+1 3
+1 3
+1 3
-1 6
+1 6
+1 8
+1 47
+2 9

fl=(25)
fn=(140) _dl_receive_error
198 5
cfi=(3)
cfn=(4)
calls=1 52 
* 2
* 6
+1 1
cfi=(2)
cfn=(88) _dl_initial_error_catch_tsd
calls=1 794 
* 9
+5 1
-1 1
+4 1
+1 1
+2 5
cfi=(2)
cfn=(142) version_check_doit
calls=1 661 
* 15454
+2 2
+1 1
-1 1
+2 1
-1 1
+1 5

fn=(86)
160 65
cfi=(3)
cfn=(4)
calls=13 52 
* 26
* 65
+9 13
+2 13
cfi=(2)
cfn=(88)
calls=13 794 
* 117
* 13
+1 13
+2 13
-2 13
+2 39
cfi=(26)
cfn=(90)
calls=13 34 
* 143
+1 13
-1 13
+1 13
+2 39
+1 39
cfi=(30)
cfn=(120)
calls=12 62 
* 29357
cfi=(2)
cfn=(92) map_doit
calls=1 629 
* 2747
+1 39
+1 13
+1 13
-1 13
+2 13
-1 13
+1 13
+10 78

fl=(8)
fn=(14)
36 5
cfi=(3)
cfn=(4)
calls=1 +16 
* 2
* 1
+5 5
+10 1
-6 1
-2 1
+2 1
+7 4

fl=(5)
fn=(172) check_match.8360
133 8911
+1 1273
-1 2546
cfi=(3)
cfn=(4)
calls=1273 -81 
* 2546
* 1273
+1 1273
+2 2546
+2 3819
-2 2546
+12 3813
+3 2542
+5 1271
-1 1271
+1 1271
-1 1271
+1 1271
+2 2536
+19 2536
+1 5072
-1 1268
+1 3804
+1 7608
cfi=(17)
cfn=(52)
calls=1268 34 
* 110394
* 3804
+45 8897
-73 330
cfi=(17)
cfn=(52)
calls=55 34 
* 5890
* 110
+66 2
+7 14
-18 6
+2 6
+1 3
-1 3
+1 3
-1 3
+1 12
-1 6
+4 4
+1 10
+2 2
+2 4
-81 2544

fn=(8) _dl_setup_hash
858 42
+4 7
-4 7
cfi=(3)
cfn=(4)
calls=7 52 
* 14
* 7
+4 14
+4 7
+4 14
+1 14
+1 7
+2 21
+1 7
+1 14
+2 7
+1 7
+2 7
+1 7
+1 7
-7 7
+7 21
+13 42

fn=(168)
713 5132
473 1283
713 3849
474 1283
713 2566
474 1283
713 1283
cfi=(3)
cfn=(4)
calls=1283 52 
* 2566
* 1283
474 3849
+1 3849
-1 1283
+1 2566
-1 3849
+1 144801
-1 48267
+1 96534
-1 144801
723 1283
-4 1283
-4 1283
+8 1283
-7 2566
+7 3819
+5 5132
-1 2566
+7 8981
+8 48
-8 48
+2 26943
cfn=(170) do_lookup_x
calls=1283 83 
* 583452
+3 2566
-5 2566
+33 2566
+23 6355
+1 5084
+35 8897
+14 3813
+3 5084
+5 2542
+2 8981
-81 96
+17 12
+1 12
-1 12
+1 12
+54 2

fn=(170)
83 8981
-5 2566
+5 3849
cfi=(3)
cfn=(4)
calls=1283 -31 
* 2566
* 1283
-5 11547
+6 1283
+6 1283
-1 1283
231 1283
115 1283
-25 1283
+25 1283
231 2566
115 1283
-16 2566
-3 1283
+1 1283
+2 2566
+3 1283
-3 1283
+3 1283
-3 5910
-3 2955
+1 2955
+2 5910
+3 2955
-3 2955
+3 2955
+4 8488
+4 8472
+4 8472
+7 16944
+4 12708
+1 12708
227 4236
+1 8472
+4 8472
+3 8472
-5 4236
+5 8472
+4 4236
-4 4236
+4 4236
-5 8472
+4 4236
+1 4236
-1 8472
+21 2967
+24 5934
459 29085
+4 11868
+3 12
+1 72
283 2
+2 4
+3 7687
+17 2446
+1 1223
-1 1223
+1 1223
467 1223
307 1223
467 6115
305 96
+1 48
-1 48
+1 48
467 48
307 48
467 240
292 2706
+5 48
+55 96
+2 48
-2 48
+2 288
cfi=(2)
cfn=(48)
calls=48 836 
* 288
+2 96
+1 48
-1 48
+1 96
-1 48
+1 48
+1 48
-2 48
+1 48
+1 48
+2 94
+1 94
-1 47
+1 47
-1 47
+1 188
78 141
361 47
+3 141
-3 42
+3 126
+6 127
+3 334
+4 278
-13 381
+14 126
+3 470
+62 720
cfn=(178) enter.8408
calls=48 317 
* 3138
+2 144
+2 144
cfi=(2)
cfn=(50)
calls=48 842 
* 288
+2 48
+11 378
cfi=(27)
cfn=(96)
calls=189 301 
* 12831
* 378
-72 6
cfi=(27)
cfn=(180)
calls=2 -68 
* 160
+2 2
-2 2
+2 4
cfi=(15)
cfn=(34)
calls=2 104 
* 197
+1 2
-1 2
+1 2
+7 4
-3 2
+3 6
+1 276
+1 840
cfn=(178)
calls=70 -83 
* 3519
-2 368
+6 10
cfi=(15)
cfn=(182)
calls=2 121 
* 34
+1 4
+2 2
-1 2
-1 2
+2 2
+1 2
-1 2
+1 8
+16 3
+10 4
cfi=(15)
cfn=(34)
calls=1 104 
* 77
+1 2
-1 1
+1 1
+3 1
+2 2
-1 1
-6 2
+7 2
242 4158
-1 2772
+2 2772
+2 1377
+6 1377
-6 1377
+6 2754
+4 6825
-7 14320
+2 2546
+1 1273
-1 5092
+1 3819
cfn=(172)
calls=1273 133 
* 194314
+1 5084
+12 216

fn=(178)
317 118
+1 118
-1 472
+2 118
-2 118
+1 118
-1 118
+2 118
-1 118
+1 118
-1 118
+1 472
-5 472
+5 118
-5 330
+5 47
-5 94
+25 83
+7 285
-24 603
+3 118
-1 118
+1 118
+1 118
-2 118
+2 236
+7 236
+1 236
+2 472
+13 590
-2 141

fl=(19)
fn=(60) _dl_init_paths
632 6
cfi=(3)
cfn=(4)
calls=1 52 
* 2
* 3
+15 6
cfi=(6)
cfn=(62)
calls=1 354 
* 2645
* 2
+5 2
cfi=(15)
cfn=(38)
calls=1 95 
* 51
+1 1
-1 1
-1 1
+2 1
+8 1
-1 1
+1 1
-1 4
+5 3
cfi=(15)
cfn=(38)
calls=1 95 
* 94
-1 1
+3 1
-3 1
+3 1
+29 4
-65 1
+65 2
-21 1
-2 1
+1 1
-43 5
+51 2
+2 1
+1 1
+2 1
-3 1
+4 2
+1 1
+3 2
-10 6
+2 3
+1 3
+2 3
-3 3
+4 6
+1 3
+3 6
+1 16
+1 4
-1 12
+1 60
-1 180
-62 8
+65 4
-65 4
+65 13
+4 3
-4 3
+4 3
-11 7
+7 1
+11 1
-5 1
+1 1
+5 2
+2 4
+2 3
+32 6
+8 3
cfi=(23)
cfn=(72)
calls=1 38 
* 82
* 2
+2 3
cfi=(10)
cfn=(18)
calls=1 47 
* 55
* 11
cfi=(16)
cfn=(44)
calls=1 44 
* 25
* 1
+17 1
-1 1
+1 4
+2 1
+1 2
+1 1
-4 3
+2 13
+1 26
+1 13
-4 39
+8 3
cfi=(15)
cfn=(38)
calls=1 95 
* 51
+1 1
-2 1
+2 1
+6 10
cfn=(74) fillin_rpath
calls=1 386 
* 662
+4 4
+6 1
+4 6
-72 1
-2 1
+2 2
+11 2

fn=(94)
1975 104
+7 13
-7 13
cfi=(3)
cfn=(4)
calls=13 52 
* 26
* 26
+7 26
+1 39
+3 78
+12 100
-12 150
+5 174
+1 116
+2 174
cfi=(27)
cfn=(96)
calls=58 301 
* 4661
* 116
2262 56
2018 10
-1 10
+9 15
+26 10
-2 5
+2 5
cfi=(23)
cfn=(72)
calls=5 38 
* 319
* 10
2193 6
cfn=(98) expand_dynamic_string_token
calls=1 316 
* 478
+1 1
+1 1
-4 1
+3 1
+4 10
cfn=(102) open_verify
calls=1 1572 
* 212
+3 1
-3 1
+3 1
+12 15
+2 5
-2 5
+2 5
+44 5
+1 10
-1 5
+1 70
cfn=(108) _dl_map_object_from_fd
calls=5 834 
* 10019
+2 10
-2 5
+2 25
2017 10
+39 8
cfi=(10)
cfn=(18)
calls=4 47 
* 196
* 4
+2 4
-2 4
+2 4
+7 28
+35 12
+1 76
cfn=(124) open_path
calls=4 1826 
* 3927
* 4
+6 8
+78 8
-70 16
+5 8
cfi=(32) /build/buildd/eglibc-2.13/elf/dl-cache.c
cfn=(128) _dl_load_cache_lookup
calls=4 183 
* 6888
+2 4
-2 4
+2 4
+4 12
+7 8
+27 44
cfn=(102)
calls=4 1572 
* 957
+3 4
-3 4
+3 4
+2 12
cfn=(100) local_strdup
calls=4 160 
* 829
+1 8
-1 4
+1 4
-59 8
+1 32
cfn=(122) cache_rpath
calls=4 608 
* 52
* 8
-39 4
+5 4
-5 4
+5 20
+3 8
-3 12
+1 28
cfn=(122)
calls=4 608 
* 52
* 8
+14 12
+1 28
+1 32
cfn=(122)
calls=4 608 
* 52
* 8
-92 150
+3 28
+1 56
+1 112
cfi=(17)
cfn=(52)
calls=28 34 
* 693
* 84

fn=(98)
316 5
cfi=(3)
cfn=(4)
calls=1 52 
* 2
* 3
+10 2
-10 4
+10 1
cfi=(23)
cfn=(72)
calls=1 38 
* 214
* 2
+15 1
-11 1
+11 4
-11 1
cfn=(100)
calls=1 160 
* 238

fn=(100)
160 25
cfi=(3)
cfn=(4)
calls=5 52 
* 10
* 5
+1 5
-1 15
+1 5
cfi=(10)
cfn=(18)
calls=5 47 
* 493
* 5
+1 10
cfi=(15)
cfn=(38)
calls=5 -67 
* 255
* 5
+3 5
-1 10
+3 20
cfi=(16)
cfn=(44)
calls=5 44 
* 169
+1 30

fn=(108)
834 30
cfi=(3)
cfn=(4)
calls=5 52 
* 10
* 15
+11 5
-11 5
+11 10
cfi=(24) /build/buildd/eglibc-2.13/elf/dl-debug.c
cfn=(78) _dl_debug_initialize
calls=5 49 
* 140
* 5
+4 30
cfi=(28)
cfn=(110)
calls=5 46 
* 90
* 10
+11 35
+1 35
-1 60
+1 160
+17 15
+25 10
+9 10
+21 20
+31 10
846 5
967 50
cfi=(13)
cfn=(30)
calls=5 62 
* 2784
* 5
+1 5
-1 5
+1 5
-52 10
+63 5
+1 5
+1 5
-65 5
+63 5
+5 5
-4 5
+4 5
-3 5
+2 5
+1 15
+1 10
+24 5
-19 5
+19 20
+8 5
-8 10
+8 15
-8 5
+8 15
+96 5
-96 10
+96 20
-95 68
+6 10
+1 20
-8 240
+1 224
+60 6
+4 2
+1 2
+1 2
-1 2
+1 2
+4 2
+3 2
-3 2
+7 8
+6 2
cfi=(34)
cfn=(136)
calls=2 54 
* 42
* 6
+1 2
-67 60
+6 10
+1 10
-1 70
+8 10
+1 30
-1 20
+1 70
+1 10
-1 10
+1 20
-1 10
+1 10
+1 10
+1 10
-1 10
+2 30
+1 20
+4 10
-4 10
+4 10
+1 40
+4 5
+1 5
-1 10
+1 40
-16 10
+26 5
-11 5
+1 5
-1 10
+1 40
-16 10
+26 5
-46 4
+1 2
1160 10
+1 10
+1 5
-6 10
+1 5
-70 15
+78 10
+10 5
980 5
1178 5
980 5
1178 35
+2 5
-2 5
+2 5
+19 50
-5 10
+5 15
cfi=(22)
cfn=(70)
calls=5 35 
* 115
+4 10
-4 5
+4 5
+7 15
+1 10
+2 5
-2 5
+2 5
+10 5
+35 40
+1 15
+2 30
+7 50
+6 5
+1 5
-1 5
+2 5
-1 5
+1 5
+1 5
-1 5
+1 5
-1 45
+8 10
+3 10
+11 45
cfi=(29)
cfn=(112)
calls=5 52 
* 1390
+1 30
+5 10
+15 10
-73 50
+2 25
+2 70
cfi=(22)
cfn=(70)
calls=5 35 
* 115
* 15
-30 2
-1 12
cfi=(35)
cfn=(138)
calls=1 82 
* 10
* 2
1323 5
-77 5
+77 10
+9 5
fi=(4) /build/buildd/eglibc-2.13/elf/dynamic-link.h
113 5
fe=(19)
1332 5
fi=(4)
113 5
+4 10
+2 15
+7 10
-4 81
+15 81
-18 243
+18 13
-18 39
+2 240
+5 156
+1 78
+10 26
-18 78
+25 15
+20 3
+1 4
+1 4
+1 4
+2 3
+3 4
+2 4
+1 3
+1 4
+6 15
+7 15
+5 15
+1 3
+3 15
+1 12
+12 15
+5 1
+2 1
-2 1
+2 1
+2 2
+2 2
+3 15
+2 2
+2 2
+3 15
fe=(19)
1338 20
+16 15
+19 10
+2 25
+55 15
+1 4
+3 6
cfi=(20)
cfn=(116)
calls=2 82 
* 16
* 9
cfi=(20)
cfn=(116)
calls=3 82 
* 24
* 10
+8 10
+3 15
+2 5
-2 5
+2 5
+16 10
cfi=(5)
cfn=(8)
calls=5 858 
* 200
+4 10
+19 10
+3 5
-3 10
+3 10
+1 5
-1 5
+1 15
+4 15
+6 15
cfi=(13)
cfn=(46)
calls=5 33 
* 340
+4 15
+20 35
-56 15
fi=(4)
128 52
+3 52
+2 8
-1 8
+1 24
+1 20
+2 5
-1 5
+1 15
fe=(19)
1262 18
+1 21
+1 15
-1 6
+3 12
+42 22
cfi=(22)
cfn=(70)
calls=2 35 
* 46
+3 6
fi=(4)
189 10
fe=(19)

fn=(122)
608 60
+1 12
+1 12
-1 24
+17 48

fn=(74)
386 6
cfi=(3)
cfn=(4)
calls=1 52 
* 2
* 4
+2 2
+2 5
cfi=(15)
cfn=(76)
calls=1 -70 
* 302
* 5
cfi=(15)
cfn=(76)
calls=1 -70 
* 27
* 6
+3 3
cfi=(10)
cfn=(18)
calls=1 47 
* 53
+4 1
-4 1
+4 1
+7 5
+8 3
+29 19
+1 12
+12 1
+6 4
+4 3
+1 1
-1 4
cfi=(15)
cfn=(38)
calls=1 95 
* 51
+2 3
-2 1
+2 1
+5 1
+1 1
-2 1
+2 5
cfi=(21)
cfn=(68)
calls=1 44 
* 19
* 1
+1 1
+3 2
-3 1
+3 1
+5 1
-5 1
+5 4
+1 4
+1 1
-1 3
+1 15
-1 45
+4 1
-1 1
+1 1
-1 1
+1 1
+11 1
-4 1
+4 1
-3 1
-1 1
+4 4
-88 4
+93 3
+3 6
-14 2

fn=(124)
1826 28
+1 4
-1 4
cfi=(3)
cfn=(4)
calls=4 52 
* 8
* 8
+1 4
+6 4
-6 4
+6 4
+5 20
-7 4
+7 28
+34 4
-42 8
+42 8
-22 12
+7 28
cfi=(21)
cfn=(68)
calls=4 44 
* 76
* 4
+1 24
+20 32
-20 243
+3 128
+4 171
cfi=(21)
cfn=(68)
calls=19 44 
* 314
* 114
cfi=(21)
cfn=(68)
calls=19 44 
* 356
* 19
+6 19
-3 19
+3 38
+3 209
cfn=(102)
calls=19 1572 
* 1007
+2 19
-2 19
+2 57
+26 12
+2 6
-46 12
+85 24
+7 8
-2 8
+2 12
+3 12
+13 4
+1 28
-84 48
+1 96
+6 64
+2 96
cfi=(31) /build/buildd/eglibc-2.13/io/../sysdeps/unix/sysv/linux/xstat64.c
cfn=(126) __xstat64
calls=16 47 
* 348
* 32
+1 4
+2 30
+7 32
-5 3

fn=(102)
1572 264
cfi=(3)
cfn=(4)
calls=24 52 
* 48
* 24
+36 24
-36 24
+36 93
1812 168
1629 96
cfi=(20)
cfn=(104)
calls=24 82 
* 411
+1 24
-1 24
+1 24
+11 5
-1 5
+1 30
cfi=(20)
cfn=(106) read
calls=5 82 
* 50
* 10
+7 5
-7 5
+7 5
+16 65
+2 10
-2 10
+4 20
-4 45
+60 15
+5 10
+2 15
+6 15
+7 5
+1 5
-1 10
+1 15
+1 10
+15 216
+1 124
+4 30
+1 20
+13 5
+1 5
-1 5
+1 5
-1 5
+1 5
-2 5
+4 20
+5 2
+1 2
-13 89
+16 4
+3 2
+1 2
+1 2
+1 6
+1 6
-4 2
+1 4
+1 2
-1 4
-1 2
+4 4
-43 9

fl=(56)
fn=(346)
29 92
+2 92
+2 92
+2 92
+1 92
+1 92
cfi=(57) /build/buildd/eglibc-2.13/elf/dl-runtime.c
cfn=(348) _dl_fixup
calls=92 +36 
* 101155
+1 92
+2 92
+1 92
+1 92
+1 92

fl=(24)
fn=(78)
49 35
cfi=(3)
cfn=(4)
calls=7 +3 
* 14
* 7
+3 7
-3 21
+3 7
+10 1
-1 1
+1 2
+1 2
+4 49
-10 7
-4 7
+4 42
+4 2
-1 1
-60 4

fn=(82) _dl_debug_state
76 4
+1 4

fl=(1)
fn=(972)
0 16

fn=(0) 0x47df2850
0 2
cfi=(2)
cfn=(2) _dl_start
calls=1 366 
0 1351922
0 2
cfn=(194) 0x47df2840
calls=1 0 
0 2
0 17
cfi=(40)
cfn=(198)
calls=1 93 
0 12655
0 3
cob=(8)
cfi=(59)
cfn=(482) 0x08048780
calls=1 0 
0 219134

fn=(194)
0 2

fl=(23)
fn=(72)
38 19
+3 19
+1 19
+7 19
+1 19
+1 19
+1 19
+13 19
+1 19
+1 15
+1 15
+1 15
+1 15
+1 15
+1 15
+2 15
+1 15
+1 11
+1 11
+1 11
+1 11
+1 11
+1 11
+2 11
+1 11
+1 6
+1 6
+1 6
+1 6
+1 6
+1 6
+3 6
+32 2
+2 2
+1 2
+2 2
+1 2
+10 2
-14 19
+1 19
+2 19
+1 19
+10 19
+4 21
+3 21
+1 21
+4 21
+6 20
+1 20
+1 20
+3 20
+1 20
+1 20
+1 20
+2 20
+2 20
+1 20
+2 20
+1 20
+3 20
+1 20
+1 20
+1 20
+2 20
+1 20
+1 20
+1 20
+3 20
+1 16
+1 16
+1 16
+2 16
+2 16
+1 16
+2 16
+1 16
+3 16
+1 16
+1 16
+1 16
+2 16
+1 16
+1 16
+1 16
+3 16
+1 12
+1 12
+1 12
+2 12
+2 5
+1 5
+2 5
+1 5
+3 5
+1 5
+1 5
+1 5
+2 5
+1 5
+1 5
+1 5
+3 5
+1 4
+1 4
+1 4
+2 4
+3 18
+2 18
+5 18
+14 1
+1 1
+23 1
+5 1

fl=(2)
fn=(158) security_init
850 5
cfi=(3)
cfn=(4)
calls=1 52 
* 2
* 2
fi=(37) /build/buildd/eglibc-2.13/elf/../sysdeps/unix/sysv/linux/dl-osinfo.h
72 1
fe=(2)
850 1
fi=(37)
68 1
fe=(2)
852 1
fi=(37)
75 2
+48 4
+1 1
fe=(2)
854 1
+6 3
+2 1
fi=(37)
132 2
+11 1
fe=(2)
865 1
+2 1
+6 1
+1 6

fn=(22)
889 6
cfi=(3)
cfn=(4)
calls=1 52 
* 2
* 2
+19 2
+3 2
+4 2
+1 2
+5 2
+3 2
cfn=(24) process_envvars
calls=1 2530 
* 561
+7 4
1110 7
cfi=(13)
cfn=(30)
calls=1 62 
* 288
* 1
+2 1
-2 1
+2 1
+3 1
-2 1
+1 1
-1 1
+1 1
+1 1
+4 1
-4 1
+4 2
cfi=(13)
cfn=(46)
calls=1 33 
* 54
+1 1
898 1
1120 1
+29 1
-3 1
-5 1
+8 3
-7 1
+2 1
895 1
1149 1
+56 1
-34 1
+34 1
-34 1
+34 2
-13 3
-42 24
-1 27
+1 47
+95 2
+1 2
+1 1
-6 2
+1 1
-88 3
+1 1
+49 2
+1 2
-1 2
+1 4
-1 2
+2 4
+1 1
+3 2
+1 2
-1 2
+1 2
+1 2
+1 6
+1 2
-45 1
+2 1
-2 1
+9 1
+18 1
-28 1
+3 1
+7 1
-19 3
+1 1
+92 3
+3 2
+2 2
+2 2
+13 3
+1 9
cfi=(17)
cfn=(52)
calls=1 34 
* 9
* 3
+7 1
+3 1
-5 1
+3 1
+2 1
+1 2
+4 2
+2 2
fi=(4)
104 1
+9 2
+6 1
-2 1
+2 2
+3 18
+15 18
-18 54
+18 4
-18 12
+2 44
+5 16
+1 12
+17 3
+38 3
+7 3
+5 2
+4 2
+1 3
+12 3
+14 3
+7 2
fe=(2)
1295 2
cfi=(5)
cfn=(8)
calls=1 858 
* 40
+3 2
+20 2
fi=(4)
128 4
fe=(2)
1410 1
cfi=(7)
cfn=(56)
calls=1 67 
* 106
* 8
+5 2
cfi=(19)
cfn=(60)
calls=1 632 
* 4256
+3 3
cfi=(24)
cfn=(78)
calls=1 49 
* 41
+7 1
-7 1
+2 1
+5 1
+4 1
+1 1
+2 1
-2 1
-1 3
+1 1
+3 2
+5 1
-7 1
+7 1
+5 1
+2 2
+2 1
-1 1
885 2
1447 1
+4 1
+1 2
+1 1
-1 2
+1 3
+2 2
+1 2
+5 2
+5 1
904 1
1466 2
1647 3
+3 2
+4 3
+5 2
+1 1
cfi=(24)
cfn=(82)
calls=1 76 
* 4
+4 2
+15 3
+4 1
-2 1
+2 2
+31 5
cfi=(20)
cfn=(64)
calls=1 82 
* 18
* 2
+77 1
1680 1
1791 3
+17 2
+1 3
-1 1
+1 6
cfi=(30)
cfn=(118)
calls=1 149 
* 34807
* 2
+1 1
+2 3
+3 1
-3 1
+3 4
+1 3
-1 2
+1 18
-1 12
+4 3
+1 3
+1 1
+2 2
+1 15
-1 15
+47 2
+2 1
-2 2
+1 3
-1 1
+2 1
-1 1
+1 2
cfi=(25)
cfn=(140)
calls=1 198 
* 15497
+10 1
+1 1
-1 1
+1 1
+3 2
+3 1
cfn=(158)
calls=1 850 
* 37
+2 2
2120 3
fi=(4)
131 4
fe=(2)
2176 1
+4 1
-4 1
+4 3
+4 2
+48 1
+10 1
-10 3
+7 1
+3 28
+3 3
+6 2
+2 2
-2 12
+2 12
+6 14
+1 60
cfi=(38)
cfn=(162)
calls=6 158 
* 1281497
+4 25
+1 4
cfi=(34)
cfn=(176)
calls=2 820 
* 54
+2 7
+2 14
+1 1
+2 2
+6 1
-6 2
+6 2
+9 4
+6 2
cfi=(34)
cfn=(184)
calls=1 380 
* 221
+4 2
+9 3
+2 4
+29 1
cfi=(6)
cfn=(186)
calls=1 251 
* 4
+4 2
+20 3
cfi=(24)
cfn=(78)
calls=1 49 
* 28
+1 1
+1 1
cfi=(24)
cfn=(82)
calls=1 76 
* 4
+4 1
cfi=(32)
cfn=(188) _dl_unload_cache
calls=1 309 
* 30
+5 6
1836 1
+1 1
-1 1
+1 1
+2 2
+2 3
+2 1
-4 1
+4 2
+14 4
+1 2
+1 3
2323 1
+2 1
-2 2
+3 7
cfi=(38)
cfn=(162)
calls=1 158 
* 7618
+1 1
+2 5
-41 2
1314 3
1439 4
-11 4
fi=(4)
134 4
+1 1
+1 3
fe=(2)
1834 2
1690 59
cfi=(16)
cfn=(44)
calls=1 44 
* 32
* 1
+3 1
+7 1
-7 3
+7 2
-7 3
+3 5
cfi=(15)
cfn=(76)
calls=1 320 
* 891
* 5
cfi=(15)
cfn=(76)
calls=1 320 
* 27
* 6
+1 2
+1 2
+2 5
cfn=(84) do_preload
calls=1 803 
* 2849
* 2
+95 3
+1 1
-1 3
+4 1
+1 1
-1 1
+2 2
+1 2
+82 1
cfn=(150) init_tls
calls=1 721 
* 839
* 2
1699 1
+3 1
+1 2
+1 3
fi=(4)
189 2
fe=(2)
2255 1
+1 1
-3 2

fn=(84)
803 4
+12 1
-12 1
cfi=(3)
cfn=(4)
calls=1 52 
* 2
* 3
+6 1
+6 2
-5 1
+5 1
-12 1
+12 1
-2 1
+2 2
-10 1
+6 1
+4 1
cfi=(25)
cfn=(86)
calls=1 160 
* 2812
+1 1
-1 1
+1 2
+10 3
+4 6

fn=(50)
842 168
+1 56
+1 112

fn=(142)
661 1
+2 1
-2 4
cfi=(3)
cfn=(4)
calls=1 52 
* 2
* 3
+2 3
cfi=(36)
cfn=(144)
calls=1 387 
* 15433
* 2
+4 5

fn=(2)
366 7
cfi=(3)
cfn=(4)
calls=1 52 
* 2
* 2
+18 2
fi=(9)
49 1
+11 1
fe=(2)
384 1
fi=(9)
60 1
fe=(2)
413 1
fi=(4)
119 1
fe=(2)
410 1
+3 1
fi=(4)
119 2
+7 28
+1 12
+10 4
-18 12
+18 2
-18 6
+2 40
+15 13
+1 13
-18 39
+18 1
-18 4
+25 2
+38 3
+3 2
+13 3
+1 3
+4 3
+2 3
+3 3
+1 3
fe=(2)
541 6
289 1
548 1
289 86
fi=(4)
128 12
+3 12
+1 2
+1 6
fe=(2)
289 2
+12 2
cfi=(5)
cfn=(8)
calls=1 858 
* 40
+1 2
+1 2
+1 2
+1 2
+21 2
+10 1
-10 1
+10 1
-6 1
+6 3
cfi=(6)
cfn=(10)
calls=1 89 
* 1351490
* 1
+9 1
+3 2
+4 1
-4 2
+4 1
573 7
fi=(4)
134 4
+1 1
+1 3
fe=(2)

fn=(92)
629 1
+2 1
-2 4
+2 7
cfi=(19)
cfn=(94)
calls=1 1975 
* 2729
* 2
+2 3

fn=(150)
721 1
+7 1
-7 5
cfi=(3)
cfn=(4)
calls=1 52 
* 2
* 2
+6 1
-4 1
+4 1
-4 1
+4 1
+60 7
-50 2
-4 1
+4 2
cfi=(15)
cfn=(34)
calls=1 104 
* 120
+11 1
-12 1
+7 1
+1 1
+4 1
+2 1
-1 1
+1 2
+2 21
+4 2
+2 2
-7 2
-1 4
+1 5
-1 10
+10 2
+3 1
cfi=(34)
cfn=(152)
calls=1 116 
* 130
* 1
+7 1
cfi=(34)
cfn=(154)
calls=1 332 
* 476
+1 1
-1 1
+1 1
+6 1
+4 1
-4 1
+4 17
+3 1
+2 1

fn=(24)
2530 6
cfi=(3)
cfn=(4)
calls=1 52 
* 2
* 3
+4 1
-1 1
-2 1
+7 2
-7 1
+7 4
2667 3
2540 2
cfi=(12) /build/buildd/eglibc-2.13/elf/dl-environ.c
cfn=(26) _dl_next_ld_env_entry
calls=1 30 
* 54
* 4
cfi=(12)
cfn=(26)
calls=2 30 
* 242
* 9
+4 46
+1 19
-1 57
+3 4
+6 12
2706 1
-4 2
+4 1
-4 1
+4 1
+33 3
+22 6
2629 17
-53 5
+7 6
cfi=(3)
cfn=(28)
calls=1 58 
* 36
* 3
+2 2
+1 1
+45 2
+1 1

fn=(48)
836 168
+1 56
+1 112

fn=(88)
794 14
cfi=(20)
cfn=(66) 0x47e094c7
calls=14 84 
* 28
* 42
+3 42

fl=(32)
fn=(128)
183 24
cfi=(3)
cfn=(4)
calls=4 52 
* 8
* 12
+8 8
+3 16
+45 8
+6 16
+11 4
-2 4
fi=(33) /build/buildd/eglibc-2.13/elf/../sysdeps/i386/dl-procinfo.h
101 12
fe=(32)
254 4
+2 4
fi=(33)
101 12
+3 16
cfi=(17)
cfn=(52)
calls=4 -70 
* 64
* 48
cfi=(17)
cfn=(52)
calls=12 -70 
* 284
* 32
-2 48
fe=(32)
260 16
cfi=(20)
cfn=(64)
calls=4 82 
* 72
+4 20
+15 4
-15 8
+15 4
-15 4
+1 4
-1 4
-4 4
+19 4
-15 4
+15 8
-25 16
+25 8
-25 4
+25 624
cfn=(134) _dl_cache_libcmp
calls=40 140 
* 4243
* 196
+21 28
197 4
cfi=(27)
cfn=(130)
calls=1 44 
* 108
+8 6
+1 16
+7 1
-3 2
+3 2
+3 1
+1 2
-1 1
+1 1
+19 2
fi=(33)
105 4
fe=(32)
256 12
+1 4
-1 4
+1 12
+1 40
-40 24
+61 72
cfn=(134)
calls=4 140 
* 443
* 96
+16 16
-16 116

fn=(188)
309 4
cfi=(3)
cfn=(4)
calls=1 52 
* 2
* 2
+1 4
+2 4
cfi=(35)
cfn=(190)
calls=1 82 
* 9
+1 1
+2 4

fn=(134)
140 352
+1 96
+2 714
+2 20
+6 4
+1 4
-1 4
+1 8
-1 4
+1 8
+1 24
+2 16
+2 8
+17 200
-11 1170
+2 702
+4 194
+1 582
-29 388
+32 4
+1 16
-1 4
+1 4
-8 160

fl=(31)
fn=(126)
47 32
+3 16
-3 16
+3 16
-3 16
cfi=(3)
cfn=(4)
calls=16 +5 
* 32
* 16
+3 96
+34 48
-34 60

fl=(20)
fn=(104)
82 225
+1 44
cfn=(66)
calls=19 +1 
* 38
* 114

fn=(64)
82 48
+1 12
cfn=(66)
calls=6 +1 
* 12
* 36

fn=(116)
82 42
+1 6

fn=(106)
82 45
+1 5

fn=(66)
84 78

fl=(18)
fn=(58)
82 7
+1 1

fl=(17)
fn=(52)
34 2031
+1 2031
+4 2031
+1 2031
+1 2031
-2 15515
+1 15515
+1 15515
+1 16890
+1 16890
+1 16890
+1 16890
+2 1375
+6 1375
+3 656
+1 656
+1 656
+12 656

fl=(21)
fn=(68)
44 62
+1 62
+2 62
+2 62
+2 62
+2 62
+1 62
+1 62
+1 34
+1 34
+1 34
-1 28
+1 28
+1 41
+1 216
+2 62
+2 62
+5 62

fl=(12)
fn=(26)
30 9
+1 3
-1 3
+2 3
+2 9
+2 82
+11 39
-13 117
+17 9
-14 10

ob=(8)
fl=(59)
fn=(882)
0 8
cob=(7)
cfi=(55)
cfn=(888) std::basic_string<char, std::char_traits<char>, std::allocator<char> >::basic_string()
calls=1 0 
0 12
cob=(1)
cfi=(56)
cfn=(346)
calls=1 29 
0 894
0 4
cob=(7)
cfi=(55)
cfn=(894) std::basic_istream<char, std::char_traits<char> >& std::getline<char, std::char_traits<char>, std::allocator<char> >(std::basic_istream<char, std::char_traits<char> >&, std::basic_string<char, std::char_traits<char>, std::allocator<char> >&)
calls=1 0 
0 87895
cob=(1)
cfi=(56)
cfn=(346)
calls=1 29 
0 2030
0 4
cob=(7)
cfi=(55)
cfn=(1078) std::basic_ostream<char, std::char_traits<char> >& std::operator<< <char, std::char_traits<char>, std::allocator<char> >(std::basic_ostream<char, std::char_traits<char> >&, std::basic_string<char, std::char_traits<char>, std::allocator<char> > const&)
calls=1 0 
0 4237
cob=(1)
cfi=(56)
cfn=(346)
calls=1 29 
0 1957
0 3
cob=(7)
cfi=(55)
cfn=(1114) std::ostream::operator<<(std::ostream& (*)(std::ostream&))
calls=1 0 
0 4241
cob=(1)
cfi=(56)
cfn=(346)
calls=1 29 
0 1006
0 4
cob=(7)
cfi=(55)
cfn=(1152) std::basic_string<char, std::char_traits<char>, std::allocator<char> >::~basic_string()
calls=1 0 
0 152
cob=(1)
cfi=(56)
cfn=(346)
calls=1 29 
0 894
0 6

fn=(482)
0 13
cob=(4)
cfi=(60)
cfn=(490)
calls=1 96 
0 217622
cob=(1)
cfi=(56)
cfn=(346)
calls=1 29 
0 1499

fn=(494) 0x08048985
0 2

fn=(510) global constructors keyed to main
0 6
cfn=(512) __static_initialization_and_destruction_0(int, int)
calls=1 0 
0 103448
0 2

fn=(512)
0 9
cob=(7)
cfi=(55)
cfn=(518) std::ios_base::Init::Init()
calls=1 0 
0 100790
cob=(1)
cfi=(56)
cfn=(346)
calls=1 29 
0 1167
0 5
cob=(4)
cfi=(58)
cfn=(370)
calls=1 57 
0 103
cob=(1)
cfi=(56)
cfn=(346)
calls=1 29 
0 1372
0 2

fn=(506) 0x08048990
0 11
cfn=(510)
calls=1 0 
0 103456
0 7

fn=(1178) 0x080487b0
0 18

fn=(492)
0 6
cfn=(494)
calls=1 0 
0 2
0 3
cob=(2)
cfi=(14)
cfn=(496) 0x0804866c
calls=1 0 
0 103497
0 12

fn=(500) 0x08048810
0 8

ob=(1)
fl=(12)
fn=(26)
37 4
+5 2
-3 2
+3 2
+2 2

fl=(57)
fn=(348)
73 552
+3 92
+4 92
-7 92
cfi=(3)
cfn=(4)
calls=92 -21 
* 184
* 92
+3 184
+3 184
+1 92
+1 92
-1 460
+1 184
+5 184
-6 92
+1 92
+5 92
+4 368
+4 92
-2 92
+2 184
+4 273
+1 273
+2 273
+7 276
-1 92
+11 1104
cfi=(5)
cfn=(168)
calls=92 713 
* 92664
* 184
+4 276
+10 644
+16 92
-8 92
+8 276
+4 276
fi=(9)
283 276
fe=(57)
156 552
-7 2
cob=(4)
cfi=(72)
cfn=(908)
calls=1 40 
* 15
cob=(4)
cfi=(43)
cfn=(786)
calls=1 -94 
* 15
* 4

ob=(2)
fl=(14)
fn=(1212)
0 7
cob=(7)
cfi=(55)
cfn=(1214) 0x48b69b40
calls=1 0 
0 1657
0 4

fn=(202)
0 10
cob=(3) /usr/lib/valgrind/vgpreload_core-x86-linux.so
cfi=(41) ???
cfn=(206) 0x000003d0
calls=1 0 
0 15
0 1
cob=(3)
cfi=(41)
cfn=(216) 0x00000510
calls=1 0 
0 15
0 4

fn=(1186)
0 7
cob=(3)
cfi=(41)
cfn=(1188) 0x00000350
calls=1 0 
0 1062
0 4

fn=(250)
0 10
cob=(5) /lib/i386-linux-gnu/libgcc_s.so.1
cfi=(52) ???
cfn=(254) 0x48b00fd0
calls=1 0 
0 15
0 1
cob=(5)
cfi=(52)
cfn=(264) 0x48b173e0
calls=1 0 
0 15
0 4

fn=(1176)
0 7
cob=(8)
cfi=(59)
cfn=(1178)
calls=1 0 
0 18
0 4

fn=(1266)
0 7
cob=(5)
cfi=(52)
cfn=(1268) 0x48b00f50
calls=1 0 
0 1531
0 4

fn=(1244)
0 7
cob=(6) /lib/i386-linux-gnu/libm-2.13.so
cfi=(53) ???
cfn=(1246) 0x47fa04b0
calls=1 0 
0 1531
0 4

fn=(496)
0 10
cob=(8)
cfi=(59)
cfn=(500)
calls=1 0 
0 8
0 1
cob=(8)
cfi=(59)
cfn=(506)
calls=1 0 
0 103474
0 4

fn=(272)
0 10
cob=(6)
cfi=(53)
cfn=(276) 0x47fa0530
calls=1 0 
0 15
0 1
cob=(6)
cfi=(53)
cfn=(286) 0x47fbab00
calls=1 0 
0 15
0 4

fn=(294)
0 10
cob=(7)
cfi=(55)
cfn=(298) 0x48b69bc0
calls=1 0 
0 15
0 1
cob=(7)
cfi=(55)
cfn=(308) 0x48bdb530
calls=1 0 
0 3727
0 4

ob=(5)
fl=(52)
fn=(254)
0 4
cfn=(256) 0x48b01007
calls=1 0 
0 2
0 9

fn=(1268)
0 5
cfn=(256)
calls=1 0 
0 2
0 10
cob=(4)
cfi=(98)
cfn=(1202)
calls=1 31 
0 96
cob=(1)
cfi=(56)
cfn=(346)
calls=1 29 
0 1404
0 14

fn=(264)
0 5
cfn=(256)
calls=1 0 
0 2
0 8

fn=(256)
0 6

ob=(6)
fl=(53)
fn=(1246)
0 5
cfi=(54) /build/buildd/eglibc-2.13/math/../sysdeps/i386/fpu/s_cbrt.S
cfn=(278) 0x47fa0567
calls=1 94 
0 2
0 10
cob=(4)
cfi=(98)
cfn=(1202)
calls=1 31 
0 96
cob=(1)
cfi=(56)
cfn=(346)
calls=1 29 
0 1404
0 14

fn=(286)
0 5
cfi=(54)
cfn=(278)
calls=1 94 
0 2
0 8

fn=(276)
0 4
cfi=(54)
cfn=(278)
calls=1 94 
0 2
0 9

fl=(54)
fn=(278)
94 6

ob=(7)
fl=(55)
fn=(382) 0x48bc5a80
0 1
cfn=(328) 0x48b6d341
calls=1 0 
0 2
0 53

fn=(410) 0x48ba3d80
0 1
cfn=(328)
calls=1 0 
0 2
0 53

fn=(518)
0 6
cfn=(300) 0x48b69bf7
calls=1 0 
0 2
0 31
cfn=(524) std::locale::locale()
calls=1 0 
0 65128
cob=(1)
cfi=(56)
cfn=(346)
calls=1 29 
0 761
0 20
cfn=(524)
calls=1 0 
0 49
0 18
cfn=(524)
calls=1 0 
0 49
0 8
cfn=(736) std::ios_base::ios_base()
calls=1 0 
0 124
cob=(1)
cfi=(56)
cfn=(346)
calls=1 29 
0 765
0 17
cfn=(742) std::basic_ios<char, std::char_traits<char> >::init(std::basic_streambuf<char, std::char_traits<char> >*)
calls=1 0 
0 14223
cob=(1)
cfi=(56)
cfn=(346)
calls=1 29 
0 1228
0 4
cfn=(736)
calls=1 0 
0 124
0 18
cfn=(742)
calls=1 0 
0 1051
0 4
cfn=(736)
calls=1 0 
0 124
0 17
cfn=(742)
calls=1 0 
0 1051
0 4
cfn=(736)
calls=1 0 
0 124
0 17
cfn=(742)
calls=1 0 
0 1051
0 21
cfn=(524)
calls=1 0 
0 49
0 20
cfn=(524)
calls=1 0 
0 49
0 18
cfn=(524)
calls=1 0 
0 49
0 8
cfn=(736)
calls=1 0 
0 124
0 17
cfn=(826) std::basic_ios<wchar_t, std::char_traits<wchar_t> >::init(std::basic_streambuf<wchar_t, std::char_traits<wchar_t> >*)
calls=1 0 
0 9753
cob=(1)
cfi=(56)
cfn=(346)
calls=1 29 
0 1214
0 4
cfn=(736)
calls=1 0 
0 124
0 18
cfn=(826)
calls=1 0 
0 999
0 4
cfn=(736)
calls=1 0 
0 124
0 17
cfn=(826)
calls=1 0 
0 999
0 4
cfn=(736)
calls=1 0 
0 124
0 17
cfn=(826)
calls=1 0 
0 999
0 17

fn=(724) std::messages<wchar_t>::messages(unsigned int)
0 7
cfn=(300)
calls=1 0 
0 2
0 10
cfn=(560) std::locale::facet::_S_get_c_locale()
calls=1 0 
0 18
0 2
cfn=(548) std::locale::facet::_S_get_c_name()
calls=1 0 
0 9
0 6

fn=(736)
0 40
cfn=(300)
calls=8 0 
0 16
0 504
cfn=(524)
calls=8 0 
0 392
0 40

fn=(748) std::ios_base::_M_init()
0 40
cfn=(300)
calls=8 0 
0 16
0 88
cfn=(524)
calls=8 0 
0 392
0 24
cfn=(754) std::locale::operator=(std::locale const&)
calls=8 0 
0 256
cob=(1)
cfi=(56)
cfn=(346)
calls=1 29 
0 788
0 16
cfn=(760) std::locale::~locale()
calls=8 0 
0 200
cob=(1)
cfi=(56)
cfn=(346)
calls=1 29 
0 761
0 48

fn=(760)
0 48
cfn=(300)
calls=8 0 
0 16
0 136

fn=(814) bool std::has_facet<std::num_get<char, std::istreambuf_iterator<char, std::char_traits<char> > > >(std::locale const&)
0 20
cfn=(300)
calls=4 0 
0 8
0 20
cfn=(590) std::locale::id::_M_id() const
calls=4 0 
0 60
0 64
cfn=(778) __dynamic_cast
calls=4 0 
0 332
0 32

fn=(912) std::ctype<char>::do_widen(char) const
0 5

fn=(932) __gnu_cxx::stdio_sync_filebuf<char, std::char_traits<char> >::sync()
0 30
cfn=(300)
calls=5 0 
0 10
0 20
cob=(4)
cfi=(74)
cfn=(938)
calls=5 35 
0 405
cob=(1)
cfi=(56)
cfn=(346)
calls=1 29 
0 1295
0 20

fn=(950) __gnu_cxx::stdio_sync_filebuf<char, std::char_traits<char> >::underflow()
0 42
cfn=(300)
calls=6 0 
0 12
0 24
cob=(4)
cfi=(77)
cfn=(956)
calls=6 37 
0 727
cob=(1)
cfi=(56)
cfn=(346)
calls=1 29 
0 1249
0 24
cob=(4)
cfi=(83)
cfn=(994)
calls=6 34 
0 480
cob=(1)
cfi=(56)
cfn=(346)
calls=1 29 
0 1254
0 30

fn=(1010) std::string::_Rep::_M_clone(std::allocator<char> const&, unsigned int)
0 48
cfn=(300)
calls=4 0 
0 8
0 20
cfn=(1016) std::string::_Rep::_S_create(unsigned int, unsigned int, std::allocator<char> const&)
calls=4 0 
0 68313
cob=(1)
cfi=(56)
cfn=(346)
calls=1 29 
0 879
0 78
cob=(4)
cfi=(73)
cfn=(910)
calls=2 121 
0 40
0 26

fn=(1022) operator new(unsigned int)
0 36
cfn=(300)
calls=4 0 
0 8
0 20
cob=(4)
cfi=(84)
cfn=(1028)
calls=4 3615 
0 66172
cob=(1)
cfi=(56)
cfn=(346)
calls=1 29 
0 1262
0 32

fn=(1058) std::string::_Rep::_M_destroy(std::allocator<char> const&)
0 16
cfn=(300)
calls=4 0 
0 8
0 20
cfn=(1064) operator delete(void*)
calls=4 0 
0 1656
cob=(1)
cfi=(56)
cfn=(346)
calls=1 29 
0 664
0 16

fn=(1084) std::basic_ostream<char, std::char_traits<char> >& std::__ostream_insert<char, std::char_traits<char> >(std::basic_ostream<char, std::char_traits<char> >&, char const*, int)
0 6
cfn=(300)
calls=1 0 
0 2
0 7
cfn=(1090) std::ostream::sentry::sentry(std::ostream&)
calls=1 0 
0 30
cob=(1)
cfi=(56)
cfn=(346)
calls=1 29 
0 778
0 36
cfn=(1092) __gnu_cxx::stdio_sync_filebuf<char, std::char_traits<char> >::xsputn(char const*, int)
calls=1 0 
0 2011
0 3

fn=(314) 0x48bd0460
0 4
cfn=(300)
calls=1 0 
0 2
0 15

fn=(448) 0x48b701b0
0 4

fn=(602) std::numpunct<char>::_M_initialize_numpunct(__locale_struct*)
0 8
cfn=(300)
calls=1 0 
0 2
0 408

fn=(620) std::__timepunct<char>::__timepunct(std::__timepunct_cache<char>*, unsigned int)
0 7
cfn=(300)
calls=1 0 
0 2
0 13
cfn=(548)
calls=1 0 
0 9
0 4
cfn=(626) std::__timepunct<char>::_M_initialize_timepunct(__locale_struct*)
calls=1 0 
0 133
cob=(1)
cfi=(56)
cfn=(346)
calls=1 29 
0 1195
0 5

fn=(766) std::basic_ios<char, std::char_traits<char> >::_M_cache_locale(std::locale const&)
0 20
cfn=(300)
calls=4 0 
0 8
0 28
cfn=(772) bool std::has_facet<std::ctype<char> >(std::locale const&)
calls=4 0 
0 2663
cob=(1)
cfi=(56)
cfn=(346)
calls=1 29 
0 974
0 16
cfn=(794) std::ctype<char> const& std::use_facet<std::ctype<char> >(std::locale const&)
calls=4 0 
0 624
cob=(1)
cfi=(56)
cfn=(346)
calls=1 29 
0 1021
0 12
cfn=(800) bool std::has_facet<std::num_put<char, std::ostreambuf_iterator<char, std::char_traits<char> > > >(std::locale const&)
calls=4 0 
0 536
cob=(1)
cfi=(56)
cfn=(346)
calls=1 29 
0 1388
0 16
cfn=(808) std::num_put<char, std::ostreambuf_iterator<char, std::char_traits<char> > > const& std::use_facet<std::num_put<char, std::ostreambuf_iterator<char, std::char_traits<char> > > >(std::locale const&)
calls=4 0 
0 520
cob=(1)
cfi=(56)
cfn=(346)
calls=1 29 
0 1394
0 12
cfn=(814)
calls=4 0 
0 536
cob=(1)
cfi=(56)
cfn=(346)
calls=1 29 
0 1367
0 16
cfn=(820) std::num_get<char, std::istreambuf_iterator<char, std::char_traits<char> > > const& std::use_facet<std::num_get<char, std::istreambuf_iterator<char, std::char_traits<char> > > >(std::locale const&)
calls=4 0 
0 520
cob=(1)
cfi=(56)
cfn=(346)
calls=1 29 
0 1401
0 28

fn=(800)
0 20
cfn=(300)
calls=4 0 
0 8
0 20
cfn=(590)
calls=4 0 
0 60
0 64
cfn=(778)
calls=4 0 
0 332
0 32

fn=(802) __cxxabiv1::__si_class_type_info::__do_dyncast(int, __cxxabiv1::__class_type_info::__sub_kind, __cxxabiv1::__class_type_info const*, void const*, __cxxabiv1::__class_type_info const*, void const*, __cxxabiv1::__class_type_info::__dyncast_result&) const
0 440
cfn=(300)
calls=40 0 
0 80
0 1040

fn=(1090)
0 18
cfn=(300)
calls=2 0 
0 4
0 38

fn=(334) 0x48bca0a0
0 5
cfn=(300)
calls=1 0 
0 2
0 17
cfn=(352) __cxa_guard_acquire
calls=1 0 
0 31
cob=(1)
cfi=(56)
cfn=(346)
calls=1 29 
0 788
0 6
cfn=(362) __cxa_guard_release
calls=1 0 
0 19
cob=(1)
cfi=(56)
cfn=(346)
calls=1 29 
0 767
0 6
cob=(4)
cfi=(58)
cfn=(370)
calls=1 57 
0 105
cob=(1)
cfi=(56)
cfn=(346)
calls=1 29 
0 1372
0 1

fn=(608) std::moneypunct<char, false>::_M_initialize_moneypunct(__locale_struct*, char const*)
0 8
cfn=(300)
calls=1 0 
0 2
0 103

fn=(626)
0 8
cfn=(300)
calls=1 0 
0 2
0 8
cfn=(560)
calls=1 0 
0 18
0 97

fn=(742)
0 20
cfn=(300)
calls=4 0 
0 8
0 28
cfn=(748)
calls=4 0 
0 2089
cob=(1)
cfi=(56)
cfn=(346)
calls=1 29 
0 833
0 16
cfn=(766)
calls=4 0 
0 13100
cob=(1)
cfi=(56)
cfn=(346)
calls=1 29 
0 1222
0 60

fn=(844) std::ctype<wchar_t> const& std::use_facet<std::ctype<wchar_t> >(std::locale const&)
0 16
cfn=(300)
calls=4 0 
0 8
0 20
cfn=(590)
calls=4 0 
0 60
0 60
cfn=(778)
calls=4 0 
0 332
0 24

fn=(900) std::ctype<char>::_M_widen_init() const
0 1044
cfn=(902) std::ctype<char>::do_widen(char const*, char const*, char*) const
calls=1 0 
0 1431
0 269

fn=(1052) __gnu_cxx::stdio_sync_filebuf<char, std::char_traits<char> >::uflow()
0 42
cfn=(300)
calls=6 0 
0 12
0 24
cob=(4)
cfi=(77)
cfn=(956)
calls=6 37 
0 318
0 36

fn=(1064)
0 24
cfn=(300)
calls=4 0 
0 8
0 20
cob=(4)
cfi=(84)
cfn=(1070)
calls=4 3692 
0 365
cob=(1)
cfi=(56)
cfn=(346)
calls=1 29 
0 1223
0 16

fn=(1078)
0 6
cfn=(300)
calls=1 0 
0 2
0 8
cfn=(1084)
calls=1 0 
0 2873
cob=(1)
cfi=(56)
cfn=(346)
calls=1 29 
0 1344
0 4

fn=(308)
0 5
cfn=(300)
calls=1 0 
0 2
0 8
cfn=(314)
calls=1 0 
0 21
0 18
cfn=(450) 0x48b6d190
calls=1 0 
0 68
cfn=(448)
calls=1 0 
0 4
cfn=(446) 0x48b747b0
calls=1 0 
0 4
cfn=(438) 0x48b7f640
calls=1 0 
0 237
cfn=(410)
calls=1 0 
0 56
cfn=(382)
calls=1 0 
0 56
cfn=(380) 0x48bc9810
calls=1 0 
0 4
cfn=(334)
calls=1 0 
0 3119
cfn=(326) 0x48bcf4e0
calls=1 0 
0 91
0 34

fn=(326)
0 1
cfn=(328)
calls=1 0 
0 2
0 88

fn=(638) std::ctype<wchar_t>::ctype(unsigned int)
0 7
cfn=(300)
calls=1 0 
0 2
0 10
cfn=(560)
calls=1 0 
0 18
0 4
cfn=(644) std::ctype<wchar_t>::_M_initialize_ctype()
calls=1 0 
0 28597
cob=(1)
cfi=(56)
cfn=(346)
calls=1 29 
0 936
0 5

fn=(644)
0 9
cfn=(300)
calls=1 0 
0 2
0 4
cob=(4)
cfi=(62)
cfn=(650)
calls=1 31 
0 39
cob=(1)
cfi=(56)
cfn=(346)
calls=1 29 
0 1349
0 770
cob=(4)
cfi=(63)
cfn=(656)
calls=128 33 
0 2944
cob=(1)
cfi=(56)
cfn=(346)
calls=1 29 
0 1280
0 260
cob=(4)
cfi=(64)
cfn=(662)
calls=1 35 
0 25
cob=(1)
cfi=(56)
cfn=(346)
calls=1 29 
0 1238
0 510
cob=(4)
cfi=(64)
cfn=(662)
calls=255 35 
0 13287
0 1158
cfn=(674) std::ctype<wchar_t>::_M_convert_to_wmask(unsigned short) const
calls=8 0 
0 3336
cob=(1)
cfi=(56)
cfn=(346)
calls=1 29 
0 945
0 24
cfn=(674)
calls=4 0 
0 1307
0 63
cob=(4)
cfi=(62)
cfn=(650)
calls=1 31 
0 39
0 8

fn=(794)
0 16
cfn=(300)
calls=4 0 
0 8
0 20
cfn=(590)
calls=4 0 
0 60
0 60
cfn=(778)
calls=4 0 
0 436
0 24

fn=(862) bool std::has_facet<std::num_get<wchar_t, std::istreambuf_iterator<wchar_t, std::char_traits<wchar_t> > > >(std::locale const&)
0 20
cfn=(300)
calls=4 0 
0 8
0 20
cfn=(590)
calls=4 0 
0 60
0 64
cfn=(778)
calls=4 0 
0 332
0 32

fn=(902)
0 8
cfn=(300)
calls=1 0 
0 2
0 8
cob=(4)
cfi=(73)
cfn=(910)
calls=1 121 
0 134
cob=(1)
cfi=(56)
cfn=(346)
calls=1 29 
0 1273
0 6

fn=(924) std::istream::sentry::sentry(std::istream&, bool)
0 10
cfn=(300)
calls=1 0 
0 2
0 15
cfn=(930) std::ostream::flush()
calls=1 0 
0 1418
cob=(1)
cfi=(56)
cfn=(346)
calls=1 29 
0 747
0 20

fn=(1226)
0 1
cfn=(328)
calls=1 0 
0 2
0 9

fn=(300)
0 840

fn=(380)
0 4

fn=(524)
0 110
cfn=(300)
calls=22 0 
0 44
0 132
cfn=(526) 0x48b7acd0
calls=22 0 
0 65497
0 374

fn=(548)
0 5
cfn=(328)
calls=5 0 
0 10
0 30

fn=(688) std::codecvt<wchar_t, char, __mbstate_t>::codecvt(unsigned int)
0 7
cfn=(300)
calls=1 0 
0 2
0 10
cfn=(560)
calls=1 0 
0 18
0 6

fn=(694) std::numpunct<wchar_t>::_M_initialize_numpunct(__locale_struct*)
0 8
cfn=(300)
calls=1 0 
0 2
0 345

fn=(754)
0 48
cfn=(300)
calls=8 0 
0 16
0 192

fn=(808)
0 16
cfn=(300)
calls=4 0 
0 8
0 20
cfn=(590)
calls=4 0 
0 60
0 60
cfn=(778)
calls=4 0 
0 332
0 24

fn=(1092)
0 6
cfn=(300)
calls=1 0 
0 2
0 9
cob=(4)
cfi=(94)
cfn=(1098)
calls=1 37 
0 736
cob=(1)
cfi=(56)
cfn=(346)
calls=1 29 
0 1254
0 4

fn=(1230)
0 1
cfn=(328)
calls=1 0 
0 2
0 9

fn=(352)
0 8
cfn=(300)
calls=1 0 
0 2
0 21

fn=(362)
0 4
cfn=(300)
calls=1 0 
0 2
0 13

fn=(450)
0 4
cfn=(300)
calls=1 0 
0 2
0 62

fn=(570) std::locale::facet::_S_create_c_locale(__locale_struct*&, char const*, __locale_struct*)
0 6
cfn=(300)
calls=1 0 
0 2
0 6
cob=(4)
cfi=(61)
cfn=(576)
calls=1 46 
0 41
cob=(1)
cfi=(56)
cfn=(346)
calls=1 29 
0 1349
0 8

fn=(614) std::moneypunct<char, true>::_M_initialize_moneypunct(__locale_struct*, char const*)
0 8
cfn=(300)
calls=1 0 
0 2
0 103

fn=(632) std::messages<char>::messages(unsigned int)
0 7
cfn=(300)
calls=1 0 
0 2
0 10
cfn=(560)
calls=1 0 
0 18
0 2
cfn=(548)
calls=1 0 
0 9
0 6

fn=(712) std::__timepunct<wchar_t>::__timepunct(std::__timepunct_cache<wchar_t>*, unsigned int)
0 7
cfn=(300)
calls=1 0 
0 2
0 13
cfn=(548)
calls=1 0 
0 9
0 4
cfn=(718) std::__timepunct<wchar_t>::_M_initialize_timepunct(__locale_struct*)
calls=1 0 
0 131
cob=(1)
cfi=(56)
cfn=(346)
calls=1 29 
0 1188
0 5

fn=(778)
0 1392
cfn=(802)
calls=40 0 
0 1560
cfn=(780) __cxxabiv1::__vmi_class_type_info::__do_dyncast(int, __cxxabiv1::__class_type_info::__sub_kind, __cxxabiv1::__class_type_info const*, void const*, __cxxabiv1::__class_type_info const*, void const*, __cxxabiv1::__class_type_info::__dyncast_result&) const
calls=8 0 
0 1807
0 720

fn=(780)
0 64
cfn=(300)
calls=8 0 
0 16
0 192
cob=(4)
cfi=(70)
cfn=(788)
calls=8 67 
0 64
cob=(1)
cfi=(56)
cfn=(346)
calls=1 29 
0 1287
0 184

fn=(850) bool std::has_facet<std::num_put<wchar_t, std::ostreambuf_iterator<wchar_t, std::char_traits<wchar_t> > > >(std::locale const&)
0 20
cfn=(300)
calls=4 0 
0 8
0 20
cfn=(590)
calls=4 0 
0 60
0 64
cfn=(778)
calls=4 0 
0 332
0 32

fn=(894)
0 8
cfn=(300)
calls=1 0 
0 2
0 14
cfn=(918) std::basic_istream<char, std::char_traits<char> >& std::getline<char, std::char_traits<char>, std::allocator<char> >(std::basic_istream<char, std::char_traits<char> >&, std::basic_string<char, std::char_traits<char>, std::allocator<char> >&, char)
calls=1 0 
0 82847
cob=(1)
cfi=(56)
cfn=(346)
calls=1 29 
0 1350
0 8
cfn=(900)
calls=1 0 
0 2744
cob=(1)
cfi=(56)
cfn=(346)
calls=1 29 
0 912
0 4
cfn=(912)
calls=1 0 
0 5
0 1

fn=(918)
0 6
cfn=(300)
calls=1 0 
0 2
0 10
cfn=(924)
calls=1 0 
0 2212
cob=(1)
cfi=(56)
cfn=(346)
calls=1 29 
0 794
0 18
cfn=(948) std::string::_M_mutate(unsigned int, unsigned int, unsigned int)
calls=1 0 
0 38
cob=(1)
cfi=(56)
cfn=(346)
calls=1 29 
0 787
0 147
cfn=(1004) std::string::reserve(unsigned int)
calls=4 0 
0 73627
cob=(1)
cfi=(56)
cfn=(346)
calls=1 29 
0 744
0 97
cfn=(950)
calls=5 0 
0 775
0 45
cfn=(1052)
calls=5 0 
0 360
0 35
cfn=(950)
calls=1 0 
0 3067
0 9
cfn=(1052)
calls=1 0 
0 72
0 2

fn=(930)
0 35
cfn=(300)
calls=5 0 
0 10
0 45
cfn=(932)
calls=5 0 
0 1780
0 40

fn=(1120) std::basic_ostream<char, std::char_traits<char> >& std::endl<char, std::char_traits<char> >(std::basic_ostream<char, std::char_traits<char> >&)
0 8
cfn=(300)
calls=1 0 
0 2
0 13
cfn=(1126) std::ostream::put(char)
calls=1 0 
0 1616
cob=(1)
cfi=(56)
cfn=(346)
calls=1 29 
0 701
0 2
cfn=(930)
calls=1 0 
0 123
0 6

fn=(1152)
0 6
cfn=(300)
calls=1 0 
0 2
0 17
cfn=(1058)
calls=1 0 
0 122
0 5

fn=(562) 0x48b79050
0 4
cfn=(300)
calls=1 0 
0 2
0 8
cfn=(570)
calls=1 0 
0 1412
cob=(1)
cfi=(56)
cfn=(346)
calls=1 29 
0 1186
0 4

fn=(584) std::locale::_Impl::_M_install_facet(std::locale::id const*, std::locale::facet const*)
0 224
cfn=(300)
calls=28 0 
0 56
0 196
cfn=(590)
calls=28 0 
0 672
cob=(1)
cfi=(56)
cfn=(346)
calls=1 29 
0 833
0 7168

fn=(674)
0 72
cfn=(300)
calls=12 0 
0 24
0 165
cob=(4)
cfi=(68)
cfn=(680)
calls=1 28 
0 206
0 23
cob=(4)
cfi=(68)
cfn=(680)
calls=1 28 
0 627
0 6
cob=(4)
cfi=(68)
cfn=(680)
calls=1 28 
0 412
0 6
cob=(4)
cfi=(68)
cfn=(680)
calls=1 28 
0 155
0 6
cob=(4)
cfi=(68)
cfn=(680)
calls=1 28 
0 353
0 6
cob=(4)
cfi=(68)
cfn=(680)
calls=1 28 
0 291
0 6
cob=(4)
cfi=(68)
cfn=(680)
calls=1 28 
0 569
0 6
cob=(4)
cfi=(68)
cfn=(680)
calls=1 28 
0 106
cob=(1)
cfi=(56)
cfn=(346)
calls=1 29 
0 1340
0 6
cob=(4)
cfi=(68)
cfn=(680)
calls=1 28 
0 257
0 1

fn=(772)
0 20
cfn=(300)
calls=4 0 
0 8
0 20
cfn=(590)
calls=4 0 
0 60
0 64
cfn=(778)
calls=4 0 
0 1723
cob=(1)
cfi=(56)
cfn=(346)
calls=1 29 
0 736
0 32

fn=(838) bool std::has_facet<std::ctype<wchar_t> >(std::locale const&)
0 20
cfn=(300)
calls=4 0 
0 8
0 20
cfn=(590)
calls=4 0 
0 60
0 64
cfn=(778)
calls=4 0 
0 332
0 32

fn=(868) std::num_get<wchar_t, std::istreambuf_iterator<wchar_t, std::char_traits<wchar_t> > > const& std::use_facet<std::num_get<wchar_t, std::istreambuf_iterator<wchar_t, std::char_traits<wchar_t> > > >(std::locale const&)
0 16
cfn=(300)
calls=4 0 
0 8
0 20
cfn=(590)
calls=4 0 
0 60
0 60
cfn=(778)
calls=4 0 
0 332
0 24

fn=(1016)
0 28
cfn=(300)
calls=4 0 
0 8
0 64
cfn=(1022)
calls=4 0 
0 67530
cob=(1)
cfi=(56)
cfn=(346)
calls=1 29 
0 655
0 28

fn=(1168) std::basic_ostream<wchar_t, std::char_traits<wchar_t> >::flush()
0 21
cfn=(300)
calls=3 0 
0 6
0 27
cfn=(1170) __gnu_cxx::stdio_sync_filebuf<wchar_t, std::char_traits<wchar_t> >::sync()
calls=3 0 
0 291
0 24

fn=(1214)
0 5
cfn=(300)
calls=1 0 
0 2
0 10
cob=(4)
cfi=(98)
cfn=(1202)
calls=1 31 
0 222
cob=(1)
cfi=(56)
cfn=(346)
calls=1 29 
0 1404
0 14

fn=(438)
0 5
cfn=(300)
calls=1 0 
0 2
0 11
cob=(4)
cfi=(58)
cfn=(370)
calls=1 57 
0 103
0 8
cob=(4)
cfi=(58)
cfn=(370)
calls=1 57 
0 103
0 5

fn=(526)
0 88
cfn=(300)
calls=22 0 
0 44
0 283
cfn=(534) 0x48b7ac80
calls=1 0 
0 65078
0 4

fn=(534)
0 5
cfn=(300)
calls=1 0 
0 2
0 6
cfn=(542) std::locale::_Impl::_Impl(unsigned int)
calls=1 0 
0 64241
cob=(1)
cfi=(56)
cfn=(346)
calls=1 29 
0 815
0 9

fn=(700) std::moneypunct<wchar_t, false>::_M_initialize_moneypunct(__locale_struct*, char const*)
0 12
cfn=(300)
calls=1 0 
0 2
0 96

fn=(706) std::moneypunct<wchar_t, true>::_M_initialize_moneypunct(__locale_struct*, char const*)
0 12
cfn=(300)
calls=1 0 
0 2
0 96

fn=(718)
0 7
cfn=(300)
calls=1 0 
0 2
0 8
cfn=(560)
calls=1 0 
0 18
0 96

fn=(832) std::basic_ios<wchar_t, std::char_traits<wchar_t> >::_M_cache_locale(std::locale const&)
0 20
cfn=(300)
calls=4 0 
0 8
0 28
cfn=(838)
calls=4 0 
0 536
cob=(1)
cfi=(56)
cfn=(346)
calls=1 29 
0 960
0 16
cfn=(844)
calls=4 0 
0 520
cob=(1)
cfi=(56)
cfn=(346)
calls=1 29 
0 980
0 12
cfn=(850)
calls=4 0 
0 536
cob=(1)
cfi=(56)
cfn=(346)
calls=1 29 
0 1374
0 16
cfn=(856) std::num_put<wchar_t, std::ostreambuf_iterator<wchar_t, std::char_traits<wchar_t> > > const& std::use_facet<std::num_put<wchar_t, std::ostreambuf_iterator<wchar_t, std::char_traits<wchar_t> > > >(std::locale const&)
calls=4 0 
0 520
cob=(1)
cfi=(56)
cfn=(346)
calls=1 29 
0 1415
0 12
cfn=(862)
calls=4 0 
0 536
cob=(1)
cfi=(56)
cfn=(346)
calls=1 29 
0 1388
0 16
cfn=(868)
calls=4 0 
0 520
cob=(1)
cfi=(56)
cfn=(346)
calls=1 29 
0 1422
0 28

fn=(948)
0 11
cfn=(300)
calls=1 0 
0 2
0 25

fn=(1128) __gnu_cxx::stdio_sync_filebuf<char, std::char_traits<char> >::overflow(int)
0 6
cfn=(300)
calls=1 0 
0 2
0 8
cob=(4)
cfi=(95)
cfn=(1134)
calls=1 29 
0 270
cob=(1)
cfi=(56)
cfn=(346)
calls=1 29 
0 1250
0 4

fn=(446)
0 4

fn=(542)
0 6
cfn=(300)
calls=1 0 
0 2
0 158
cfn=(548)
calls=1 0 
0 9
cob=(1)
cfi=(56)
cfn=(346)
calls=1 29 
0 932
0 54
cfn=(554) std::ctype<char>::ctype(unsigned short const*, bool, unsigned int)
calls=1 0 
0 3793
cob=(1)
cfi=(56)
cfn=(346)
calls=1 29 
0 801
0 5
cfn=(584)
calls=1 0 
0 1130
cob=(1)
cfi=(56)
cfn=(346)
calls=1 29 
0 1125
0 4
cfn=(596) std::codecvt<char, char, __mbstate_t>::codecvt(unsigned int)
calls=1 0 
0 43
cob=(1)
cfi=(56)
cfn=(346)
calls=1 29 
0 930
0 5
cfn=(584)
calls=1 0 
0 297
0 27
cfn=(602)
calls=1 0 
0 418
cob=(1)
cfi=(56)
cfn=(346)
calls=1 29 
0 1150
0 5
cfn=(584)
calls=1 0 
0 297
0 10
cfn=(584)
calls=1 0 
0 297
0 10
cfn=(584)
calls=1 0 
0 297
0 7
cfn=(560)
calls=1 0 
0 18
0 6
cfn=(584)
calls=1 0 
0 297
0 38
cfn=(608)
calls=1 0 
0 113
cob=(1)
cfi=(56)
cfn=(346)
calls=1 29 
0 1251
0 5
cfn=(584)
calls=1 0 
0 297
0 39
cfn=(614)
calls=1 0 
0 113
cob=(1)
cfi=(56)
cfn=(346)
calls=1 29 
0 1286
0 5
cfn=(584)
calls=1 0 
0 297
0 10
cfn=(584)
calls=1 0 
0 297
0 10
cfn=(584)
calls=1 0 
0 297
0 60
cfn=(620)
calls=1 0 
0 1368
cob=(1)
cfi=(56)
cfn=(346)
calls=1 29 
0 1052
0 5
cfn=(584)
calls=1 0 
0 297
0 10
cfn=(584)
calls=1 0 
0 297
0 10
cfn=(584)
calls=1 0 
0 297
0 4
cfn=(632)
calls=1 0 
0 54
cob=(1)
cfi=(56)
cfn=(346)
calls=1 29 
0 791
0 5
cfn=(584)
calls=1 0 
0 297
0 4
cfn=(638)
calls=1 0 
0 29579
cob=(1)
cfi=(56)
cfn=(346)
calls=1 29 
0 786
0 5
cfn=(584)
calls=1 0 
0 297
0 4
cfn=(688)
calls=1 0 
0 43
cob=(1)
cfi=(56)
cfn=(346)
calls=1 29 
0 909
0 5
cfn=(584)
calls=1 0 
0 297
0 26
cfn=(694)
calls=1 0 
0 355
cob=(1)
cfi=(56)
cfn=(346)
calls=1 29 
0 1143
0 5
cfn=(584)
calls=1 0 
0 297
0 10
cfn=(584)
calls=1 0 
0 297
0 10
cfn=(584)
calls=1 0 
0 297
0 7
cfn=(560)
calls=1 0 
0 18
0 6
cfn=(584)
calls=1 0 
0 297
0 38
cfn=(700)
calls=1 0 
0 110
cob=(1)
cfi=(56)
cfn=(346)
calls=1 29 
0 1272
0 5
cfn=(584)
calls=1 0 
0 297
0 39
cfn=(706)
calls=1 0 
0 110
cob=(1)
cfi=(56)
cfn=(346)
calls=1 29 
0 1265
0 5
cfn=(584)
calls=1 0 
0 297
0 10
cfn=(584)
calls=1 0 
0 297
0 10
cfn=(584)
calls=1 0 
0 297
0 60
cfn=(712)
calls=1 0 
0 1359
cob=(1)
cfi=(56)
cfn=(346)
calls=1 29 
0 1080
0 5
cfn=(584)
calls=1 0 
0 297
0 10
cfn=(584)
calls=1 0 
0 297
0 10
cfn=(584)
calls=1 0 
0 297
0 4
cfn=(724)
calls=1 0 
0 54
cob=(1)
cfi=(56)
cfn=(346)
calls=1 29 
0 805
0 5
cfn=(584)
calls=1 0 
0 297
0 4
cfn=(590)
calls=1 0 
0 15
0 6
cfn=(590)
calls=1 0 
0 15
0 6
cfn=(590)
calls=1 0 
0 15
0 6
cfn=(590)
calls=1 0 
0 15
0 6
cfn=(590)
calls=1 0 
0 15
0 6
cfn=(590)
calls=1 0 
0 15
0 6
cfn=(590)
calls=1 0 
0 15
0 6
cfn=(590)
calls=1 0 
0 15
0 8

fn=(554)
0 8
cfn=(300)
calls=1 0 
0 2
0 13
cfn=(560)
calls=1 0 
0 2636
cob=(1)
cfi=(56)
cfn=(346)
calls=1 29 
0 943
0 191

fn=(560)
0 50
cfn=(300)
calls=10 0 
0 20
0 106
cfn=(562)
calls=1 0 
0 2616
0 6

fn=(590)
0 420
cfn=(300)
calls=84 0 
0 168
0 924

fn=(856)
0 16
cfn=(300)
calls=4 0 
0 8
0 20
cfn=(590)
calls=4 0 
0 60
0 60
cfn=(778)
calls=4 0 
0 332
0 24

fn=(298)
0 4
cfn=(300)
calls=1 0 
0 2
0 9

fn=(328)
0 24

fn=(596)
0 7
cfn=(300)
calls=1 0 
0 2
0 10
cfn=(560)
calls=1 0 
0 18
0 6

fn=(820)
0 16
cfn=(300)
calls=4 0 
0 8
0 20
cfn=(590)
calls=4 0 
0 60
0 60
cfn=(778)
calls=4 0 
0 332
0 24

fn=(888)
0 1
cfn=(328)
calls=1 0 
0 2
0 9

fn=(1004)
0 36
cfn=(300)
calls=4 0 
0 8
0 56
cfn=(1010)
calls=4 0 
0 69412
cob=(1)
cfi=(56)
cfn=(346)
calls=1 29 
0 889
0 68
cfn=(1058)
calls=3 0 
0 2258
cob=(1)
cfi=(56)
cfn=(346)
calls=1 29 
0 879
0 21

fn=(1170)
0 18
cfn=(300)
calls=3 0 
0 6
0 12
cob=(4)
cfi=(74)
cfn=(938)
calls=3 35 
0 243
0 12

fn=(826)
0 20
cfn=(300)
calls=4 0 
0 8
0 28
cfn=(748)
calls=4 0 
0 540
0 16
cfn=(832)
calls=4 0 
0 10863
cob=(1)
cfi=(56)
cfn=(346)
calls=1 29 
0 1215
0 60

fn=(1114)
0 6
cfn=(1120)
calls=1 0 
0 2471
cob=(1)
cfi=(56)
cfn=(346)
calls=1 29 
0 1762
0 2

fn=(1126)
0 6
cfn=(300)
calls=1 0 
0 2
0 10
cfn=(1090)
calls=1 0 
0 30
0 26
cfn=(1128)
calls=1 0 
0 1540
0 2

fn=(1162)
0 4
cfn=(300)
calls=1 0 
0 2
0 10
cfn=(930)
calls=1 0 
0 123
0 3
cfn=(930)
calls=1 0 
0 123
0 3
cfn=(930)
calls=1 0 
0 123
0 3
cfn=(1168)
calls=1 0 
0 123
cob=(1)
cfi=(56)
cfn=(346)
calls=1 29 
0 1050
0 3
cfn=(1168)
calls=1 0 
0 123
0 3
cfn=(1168)
calls=1 0 
0 123
0 9

fn=(1234)
0 1
cfn=(328)
calls=1 0 
0 2
0 9

ob=(3)
fl=(41)
fn=(216)
0 5
cfn=(208) 0x00000407
calls=1 0 
0 2
0 8

fn=(208)
0 6

fn=(1188)
0 5
cfn=(208)
calls=1 0 
0 2
0 10
cob=(4)
cfi=(98)
cfn=(1202)
calls=1 31 
0 96
cob=(1)
cfi=(56)
cfn=(346)
calls=1 29 
0 935
0 14

fn=(206)
0 4
cfn=(208)
calls=1 0 
0 2
0 9

totals: 1583737
